   0.0000000000000000     
   102.22021121000000     
   202.22021121000000     
   302.22021121000000     
   402.22021121000000     
   502.22021121000000     
   602.22021121000000     
   702.22021121000000     
   802.22021121000000     
   902.22021121000000     
   1022.2202112100000     
   1122.2202112099999     
   1222.2202112099999     
   1322.2202112099999     
   1422.2202112099999     
   1522.2202112099999     
   1622.2202112099999     
   1722.2202112099999     
   1822.2202112099999     
   1922.2202112099999     
   2022.2202112099999     
   2122.2202112099999     
   2222.2202112099999     
   2322.2202112099999     
   2422.2202112099999     
   2522.2202112099999     
   2622.2202112099999     
   2722.2202112099999     
   2822.2202112099999     
   2922.2202112099999     
   3022.2202112099999     
   3122.2202112099999     
   3222.2202112099999     
   3322.2202112099999     
   3422.2202112099999     
   3522.2202112099999     
   3622.2202112099999     
   3722.2202112099999     
   3822.2202112099999     
   3922.2202112099999     
   4022.2202112099999     
   4122.2202112100003     
   4222.2202112100003     
   4322.2202112100003     
   4422.2202112100003     
   4522.2202112100003     
   4622.2202112100003     
   4722.2202112100003     
   4822.2202112100003     
   4922.2202112100003     
   5022.2202112100003     
   5122.2202112100003     
   5222.2202112100003     
   5322.2202112100003     
   5422.2202112100003     
   5522.2202112100003     
   5622.2202112100003     
   5722.2202112100003     
   5822.2202112100003     
   5922.2202112100003     
   6022.2202112100003     
   6122.2202112100003     
   6222.2202112100003     
   6322.2202112100003     
   6422.2202112100003     
   6522.2202112100003     
   6622.2202112100003     
   6722.2202112100003     
   6822.2202112100003     
   6922.2202112100003     
   7022.2202112100003     
   7122.2202112100003     
   7222.2202112100003     
   7322.2202112100003     
   7422.2202112100003     
   7522.2202112100003     
   7622.2202112100003     
   7722.2202112100003     
   7822.2202112100003     
   7922.2202112100003     
   8022.2202112100003     
   8122.2202112100003     
   8222.2202112100003     
   8322.2202112100003     
   8422.2202112100003     
   8522.2202112100003     
   8622.2202112100003     
   8722.2202112100003     
   8822.2202112100003     
   8922.2202112100003     
   9022.2202112100003     
   9122.2202112100003     
   9222.2202112100003     
   9322.2202112100003     
   9422.2202112100003     
   9522.2202112100003     
   9622.2202112100003     
   9722.2202112100003     
   9822.2202112100003     
   9922.2202112100003     
   10022.220211210000     
   10122.220211210000     
   10222.220211210000     
   10322.220211210000     
   10422.220211210000     
   10522.220211210000     
   10622.220211210000     
   10722.220211210000     
   10822.220211210000     
   10922.220211210000     
   11022.220211210000     
   11122.220211210000     
   11222.220211210000     
   11322.220211210000     
   11422.220211210000     
   11522.220211210000     
   11622.220211210000     
   11722.220211210000     
   11822.220211210000     
   11922.220211210000     
   12022.220211210000     
   12122.220211210000     
   12222.220211210000     
   13222.220211210000     
   14222.220211210000     
   15222.220211210000     
   16222.220211210000     
   17222.220211209999     
   18222.220211209999     
   19222.220211209999     
   20222.220211209999     
   21222.220211209999     
   22222.220211209999     
   23222.220211209999     
   24222.220211209999     
   25222.220211209999     
   26222.220211209999     
   27222.220211209999     
   28222.220211209999     
   29222.220211209999     
   30222.220211209999     
   31222.220211209999     
   32222.220211209999     
   33222.220211209999     
   34222.220211209999     
   35222.220211209999     
   36222.220211209999     
   37222.220211209999     
   38222.220211209999     
   39222.220211209999     
   40222.220211209999     
   41222.220211209999     
   42222.220211209999     
   43222.220211209999     
   44222.220211209999     
   45222.220211209999     
   46222.220211209999     
   47222.220211209999     
   48222.220211209999     
   49222.220211209999     
   50222.220211209999     
   51222.220211209999     
   52222.220211209999     
   53222.220211209999     
   54222.220211209999     
   55222.220211209999     
   56222.220211209999     
   57222.220211209999     
   58222.220211209999     
   59222.220211209999     
   60222.220211209999     
   61222.220211209999     
   62222.220211209999     
   63222.220211209999     
   64222.220211209999     
   65222.220211209999     
   66222.220211209991     
   67222.220211209991     
   68222.220211209991     
   69222.220211209991     
   70222.220211209991     
   71222.220211209991     
   72222.220211209991     
   73222.220211209991     
   74222.220211209991     
   75222.220211209991     
   76222.220211209991     
   77222.220211209991     
   78222.220211209991     
   79222.220211209991     
   80222.220211209991     
   81222.220211209991     
   82222.220211209991     
   83222.220211209991     
   84222.220211209991     
   85222.220211209991     
   86222.220211209991     
   87222.220211209991     
   88222.220211209991     
   89222.220211209991     
   90222.220211209991     
   91222.220211209991     
   92222.220211209991     
   93222.220211209991     
   94222.220211209991     
   95222.220211209991     
   96222.220211209991     
   97222.220211209991     
   98222.220211209991     
   99222.220211209991     
   100222.22021120999     
   101222.22021120999     
   102222.22021120999     
   103222.22021120999     
   104222.22021120999     
   105222.22021120999     
   106222.22021120999     
   107222.22021120999     
   108222.22021120999     
   109222.22021120999     
   110222.22021120999     
   111222.22021120999     
   112222.22021120999     
   113222.22021120999     
   114222.22021120999     
   115222.22021120999     
   116222.22021120999     
   117222.22021120999     
   118222.22021120999     
   119222.22021120999     
   120222.22021120999     
   121222.22021120999     
   122222.22021120999     
   123222.22021120999     
   124222.22021120999     
   125222.22021120999     
   126222.22021120999     
   127222.22021120999     
   128222.22021120999     
   129222.22021120999     
   130222.22021120999     
   131222.22021120999     
   132222.22021120999     
   133222.22021120999     
   134222.22021120999     
   135222.22021120999     
   136222.22021120999     
   137222.22021120999     
   138222.22021120999     
   139222.22021120999     
   140222.22021120999     
   141222.22021120999     
   142222.22021120999     
   143222.22021120999     
   144222.22021120999     
   145222.22021120999     
   146222.22021120999     
   147222.22021120999     
   148222.22021120999     
   149222.22021120999     
   150222.22021120999     
   151222.22021120999     
   152222.22021120999     
   153222.22021120999     
   154222.22021120999     
   155222.22021120999     
   156222.22021120999     
   157222.22021120999     
   158222.22021120999     
   159222.22021120999     
   160222.22021120999     
   161222.22021120999     
   162222.22021120999     
   163222.22021120999     
   164222.22021120999     
   165222.22021120999     
   166222.22021120999     
   167222.22021120999     
   168222.22021120999     
   169222.22021120999     
   170222.22021120999     
   171222.22021120999     
   181222.22021120999     
   191222.22021120999     
   201222.22021120999     
   211222.22021120999     
   221222.22021120999     
   231222.22021120999     
   241222.22021120999     
   251222.22021120999     
   261222.22021120999     
   271222.22021120996     
   281222.22021120996     
   291222.22021120996     
   301222.22021120996     
   311222.22021120996     
   321222.22021120996     
   331222.22021120996     
   341222.22021120996     
   351222.22021120996     
   361222.22021120996     
   371222.22021120996     
   381222.22021120996     
   391222.22021120996     
   401222.22021120996     
   411222.22021120996     
   421222.22021120996     
   431222.22021120996     
   441222.22021120996     
   451222.22021120996     
   461222.22021120996     
   471222.22021120996     
   481222.22021120996     
   491222.22021120996     
   501222.22021120996     
   511222.22021120996     
   521222.22021120996     
   531222.22021120996     
   541222.22021120996     
   551222.22021120996     
   561222.22021120996     
   571222.22021120996     
   581222.22021120996     
   591222.22021120996     
   601222.22021120996     
   611222.22021120996     
   621222.22021120996     
   631222.22021120996     
   641222.22021120996     
   651222.22021120996     
   661222.22021120996     
   671222.22021120996     
   681222.22021120996     
   691222.22021120996     
   701222.22021120996     
   711222.22021120996     
   721222.22021120996     
   731222.22021120996     
   741222.22021120996     
   751222.22021120996     
   761222.22021120996     
   771222.22021120996     
   781222.22021120996     
   791222.22021120996     
   801222.22021120996     
   811222.22021120996     
   821222.22021120996     
   831222.22021120996     
   841222.22021120996     
   851222.22021120996     
   861222.22021120996     
   871222.22021120996     
   881222.22021120996     
   891222.22021120996     
   901222.22021120996     
   911222.22021120996     
   921222.22021120996     
   931222.22021120996     
   941222.22021120996     
   951222.22021120996     
   961222.22021120996     
   971222.22021120996     
   981222.22021120996     
   991222.22021120996     
   1001222.2202112100     
   1011222.2202112100     
   1021222.2202112100     
   1031222.2202112100     
   1041222.2202112100     
   1051222.2202112100     
   1061222.2202112100     
   1071222.2202112100     
   1081222.2202112100     
   1091222.2202112100     
   1101222.2202112100     
   1111222.2202112100     
   1121222.2202112100     
   1131222.2202112100     
   1141222.2202112100     
   1151222.2202112100     
   1161222.2202112100     
   1171222.2202112100     
   1181222.2202112100     
   1191222.2202112100     
   1201222.2202112100     
   1211222.2202112100     
   1221222.2202112100     
   1231222.2202112100     
   1241222.2202112100     
   1251222.2202112100     
   1261222.2202112100     
   1271222.2202112100     
   1281222.2202112100     
   1291222.2202112100     
   1301222.2202112100     
   1311222.2202112100     
   1321222.2202112100     
   1331222.2202112100     
   1341222.2202112100     
   1351222.2202112100     
   1361222.2202112100     
   1371222.2202112100     
   1381222.2202112100     
   1391222.2202112100     
   1401222.2202112100     
   1411222.2202112100     
   1421222.2202112100     
   1431222.2202112100     
   1441222.2202112100     
   1451222.2202112100     
   1461222.2202112100     
   1471222.2202112100     
   1481222.2202112100     
   1491222.2202112100     
   1501222.2202112100     
   1511222.2202112100     
   1521222.2202112100     
   1531222.2202112100     
   1541222.2202112100     
   1551222.2202112100     
   1561222.2202112100     
   1571222.2202112100     
   1581222.2202112100     
   1591222.2202112100     
   1601222.2202112100     
   1611222.2202112100     
   1621222.2202112100     
   1631222.2202112100     
   1641222.2202112100     
   1651222.2202112100     
   1661222.2202112100     
   1671222.2202112100     
   1681222.2202112100     
   1691222.2202112100     
   1701222.2202112100     
   1711222.2202112100     
   1721222.2202112100     
   1731222.2202112100     
   1741222.2202112100     
   1751222.2202112100     
   1761222.2202112100     
   1771222.2202112100     
   1781222.2202112100     
   1791222.2202112100     
   1801222.2202112100     
   1811222.2202112100     
   1821222.2202112100     
   1831222.2202112100     
   1841222.2202112100     
   1851222.2202112100     
   1861222.2202112100     
   1871222.2202112100     
   1881222.2202112100     
   1891222.2202112100     
   1901222.2202112100     
   1911222.2202112100     
   1921222.2202112100     
   1931222.2202112100     
   1941222.2202112100     
   1951222.2202112100     
   1961222.2202112100     
   1971222.2202112100     
   1981222.2202112100     
   1991222.2202112100     
   2001222.2202112100     
   2011222.2202112100     
   2021222.2202112100     
   2031222.2202112100     
   2041222.2202112100     
   2051222.2202112100     
   2061222.2202112100     
   2071222.2202112100     
   2081222.2202112100     
   2091222.2202112100     
   2101222.2202112097     
   2111222.2202112097     
   2121222.2202112097     
   2131222.2202112097     
   2141222.2202112097     
   2151222.2202112097     
   2161222.2202112097     
   2171222.2202112097     
   2181222.2202112097     
   2191222.2202112097     
   2201222.2202112097     
   2211222.2202112097     
   2221222.2202112097     
   2231222.2202112097     
   2241222.2202112097     
   2251222.2202112097     
   2261222.2202112097     
   2271222.2202112097     
   2281222.2202112097     
   2291222.2202112097     
   2301222.2202112097     
   2311222.2202112097     
   2321222.2202112097     
   2331222.2202112097     
   2341222.2202112097     
   2351222.2202112097     
   2361222.2202112097     
   2371222.2202112097     
   2381222.2202112097     
   2391222.2202112097     
   2401222.2202112097     
   2411222.2202112097     
   2421222.2202112097     
   2431222.2202112097     
   2441222.2202112097     
   2451222.2202112097     
   2461222.2202112097     
   2471222.2202112097     
   2481222.2202112097     
   2491222.2202112097     
   2501222.2202112097     
   2511222.2202112097     
   2521222.2202112097     
   2531222.2202112097     
   2541222.2202112097     
   2551222.2202112097     
   2561222.2202112097     
   2571222.2202112097     
   2581222.2202112097     
   2591222.2202112097     
   2601222.2202112097     
   2611222.2202112097     
   2621222.2202112097     
   2631222.2202112097     
   2641222.2202112097     
   2651222.2202112097     
   2661222.2202112097     
   2671222.2202112097     
   2681222.2202112097     
   2691222.2202112097     
   2701222.2202112097     
   2711222.2202112097     
   2721222.2202112097     
   2731222.2202112097     
   2741222.2202112097     
   2751222.2202112097     
   2761222.2202112097     
   2771222.2202112097     
   2781222.2202112097     
   2791222.2202112097     
   2801222.2202112097     
   2811222.2202112097     
   2821222.2202112097     
   2831222.2202112097     
   2841222.2202112097     
   2851222.2202112097     
   2861222.2202112097     
   2871222.2202112097     
   2881222.2202112097     
   2891222.2202112097     
   2901222.2202112097     
   3001222.2202112097     
   3101222.2202112097     
   3201222.2202112097     
   3301222.2202112097     
   3401222.2202112097     
   3501222.2202112097     
   3601222.2202112097     
   3701222.2202112097     
   3801222.2202112097     
   3901222.2202112097     
   4001222.2202112097     
   4101222.2202112097     
   4201222.2202112097     
   4301222.2202112097     
   4401222.2202112097     
   4501222.2202112097     
   4601222.2202112097     
   4701222.2202112097     
   4801222.2202112097     
   4901222.2202112097     
   5001222.2202112097     
   5101222.2202112097     
   5201222.2202112097     
   5301222.2202112097     
   5401222.2202112097     
   5501222.2202112097     
   5601222.2202112097     
   5701222.2202112097     
   5801222.2202112097     
   5901222.2202112097     
   6001222.2202112097     
   6101222.2202112097     
   6201222.2202112097     
   6301222.2202112097     
   6401222.2202112097     
   6501222.2202112097     
   6601222.2202112097     
   6701222.2202112097     
   6801222.2202112097     
   6901222.2202112097     
   7001222.2202112097     
   7101222.2202112097     
   7201222.2202112097     
   7301222.2202112097     
   7401222.2202112097     
   7501222.2202112097     
   7601222.2202112097     
   7701222.2202112097     
   7801222.2202112097     
   7901222.2202112097     
   8001222.2202112097     
   8101222.2202112097     
   8201222.2202112097     
   8301222.2202112097     
   8401222.2202112097     
   8501222.2202112097     
   8601222.2202112097     
   8701222.2202112097     
   8801222.2202112097     
   8901222.2202112097     
   9001222.2202112097     
   9101222.2202112097     
   9201222.2202112097     
   9301222.2202112097     
   9401222.2202112097     
   9501222.2202112097     
   9601222.2202112097     
   9701222.2202112097     
   9801222.2202112097     
   9901222.2202112097     
   10001222.220211210     
   10101222.220211210     
   10201222.220211210     
   10301222.220211210     
   10401222.220211210     
   10501222.220211210     
   10601222.220211210     
   10701222.220211210     
   10801222.220211210     
   10901222.220211210     
   11001222.220211210     
   11101222.220211210     
   11201222.220211210     
   11301222.220211210     
   11401222.220211210     
   11501222.220211210     
   11601222.220211210     
   11701222.220211210     
   11801222.220211210     
   11901222.220211210     
   12001222.220211210     
   12101222.220211210     
   12201222.220211210     
   12301222.220211210     
   12401222.220211210     
   12501222.220211210     
   12601222.220211210     
   12701222.220211210     
   12801222.220211210     
   12901222.220211210     
   13001222.220211210     
   13101222.220211210     
   13201222.220211210     
   13301222.220211210     
   13401222.220211210     
   13501222.220211210     
   13601222.220211210     
   13701222.220211210     
   13801222.220211210     
   13901222.220211210     
   14001222.220211210     
   14101222.220211210     
   14201222.220211210     
   14301222.220211210     
   14401222.220211210     
   14501222.220211210     
   14601222.220211210     
   14701222.220211210     
   14801222.220211210     
   14901222.220211210     
   15001222.220211210     
   15101222.220211210     
   15201222.220211210     
   15301222.220211210     
   15401222.220211210     
   15501222.220211210     
   15601222.220211210     
   15701222.220211210     
   15801222.220211210     
   15901222.220211210     
   16001222.220211210     
   16101222.220211210     
   16201222.220211210     
   16301222.220211210     
   16401222.220211210     
   16501222.220211210     
   16601222.220211210     
   16701222.220211210     
   16801222.220211208     
   16901222.220211208     
   17001222.220211208     
   17101222.220211208     
   17201222.220211208     
   17301222.220211208     
   17401222.220211208     
   17501222.220211208     
   17601222.220211208     
   17701222.220211208     
   17801222.220211208     
   17901222.220211208     
   18001222.220211208     
   18101222.220211208     
   18201222.220211208     
   18301222.220211208     
   18401222.220211208     
   18501222.220211208     
   18601222.220211208     
   18701222.220211208     
   18801222.220211208     
   18901222.220211208     
   19001222.220211208     
   19101222.220211208     
   19201222.220211208     
   19301222.220211208     
   19401222.220211208     
   19501222.220211208     
   19601222.220211208     
   19701222.220211208     
   19801222.220211208     
   19901222.220211208     
   20001222.220211208     
   20101222.220211208     
   20201222.220211208     
   20301222.220211208     
   20401222.220211208     
   20501222.220211208     
   20601222.220211208     
   20701222.220211208     
   20801222.220211208     
   20901222.220211208     
   21001222.220211208     
   21101222.220211208     
   21201222.220211208     
   21301222.220211208     
   21401222.220211208     
   21501222.220211208     
   21601222.220211208     
   21701222.220211208     
   21801222.220211208     
   21901222.220211208     
   22001222.220211208     
   22101222.220211208     
   22201222.220211208     
   22301222.220211208     
   22401222.220211208     
   22501222.220211208     
   22601222.220211208     
   22701222.220211208     
   22801222.220211208     
   22901222.220211208     
   23001222.220211208     
   23101222.220211208     
   23201222.220211208     
   23301222.220211208     
   23401222.220211208     
   23501222.220211208     
   23601222.220211208     
   23701222.220211208     
   23801222.220211208     
   23901222.220211208     
   24001222.220211208     
   24101222.220211208     
   24201222.220211208     
   24301222.220211208     
   24401222.220211208     
   24501222.220211208     
   24601222.220211208     
   24701222.220211208     
   24801222.220211208     
   24901222.220211208     
   25001222.220211208     
   25101222.220211208     
   25201222.220211208     
   25301222.220211208     
   25401222.220211208     
   25501222.220211208     
   25601222.220211208     
   25701222.220211208     
   25801222.220211208     
   25901222.220211208     
   26001222.220211208     
   26101222.220211208     
   26201222.220211208     
   26301222.220211208     
   26401222.220211208     
   26501222.220211208     
   26601222.220211208     
   26701222.220211208     
   26801222.220211208     
   26901222.220211208     
   27001222.220211208     
   27101222.220211208     
   27201222.220211208     
   27301222.220211208     
   27401222.220211208     
   27501222.220211208     
   27601222.220211208     
   27701222.220211208     
   27801222.220211208     
   27901222.220211208     
   28001222.220211208     
   28101222.220211208     
   28201222.220211208     
   28301222.220211208     
   28401222.220211208     
   28501222.220211208     
   28601222.220211208     
   28701222.220211208     
   28801222.220211208     
   28901222.220211208     
   29001222.220211208     
   29101222.220211208     
   29201222.220211208     
   29301222.220211208     
   29401222.220211208     
   29501222.220211208     
   29601222.220211208     
   29701222.220211208     
   29801222.220211208     
   29901222.220211208     
   30001222.220211208     
   30101222.220211208     
   30201222.220211208     
   30301222.220211208     
   30401222.220211208     
   30501222.220211208     
   30601222.220211208     
   30701222.220211208     
   30801222.220211208     
   30901222.220211208     
   31001222.220211208     
   31101222.220211208     
   31201222.220211208     
   31301222.220211208     
   31401222.220211208     
   31501222.220211208     
   31601222.220211208     
   31701222.220211208     
   31801222.220211208     
   31901222.220211208     
   32001222.220211208     
   32101222.220211208     
   32201222.220211208     
   32301222.220211208     
   32401222.220211208     
   32501222.220211208     
   32601222.220211208     
   32701222.220211208     
   32801222.220211208     
   32901222.220211208     
   33001222.220211208     
   33101222.220211208     
   33201222.220211208     
   33301222.220211208     
   33401222.220211208     
   33501222.220211208     
   33601222.220211208     
   33701222.220211208     
   33801222.220211208     
   33901222.220211208     
   34001222.220211208     
   34101222.220211208     
   34201222.220211208     
   34301222.220211208     
   34401222.220211208     
   34501222.220211208     
   34601222.220211208     
   34701222.220211208     
   34801222.220211208     
   34901222.220211208     
   35001222.220211208     
   35101222.220211208     
   35201222.220211208     
   35301222.220211208     
   35401222.220211208     
   35501222.220211208     
   35601222.220211208     
   35701222.220211208     
   35801222.220211208     
   35901222.220211208     
   36001222.220211208     
   36101222.220211208     
   36201222.220211208     
   36301222.220211208     
   36401222.220211208     
   36501222.220211208     
   36601222.220211208     
   36701222.220211208     
   36801222.220211208     
   36901222.220211208     
   37001222.220211208     
   37101222.220211208     
   37201222.220211208     
   37301222.220211208     
   37401222.220211208     
   37501222.220211208     
   37601222.220211208     
   37701222.220211208     
   37801222.220211208     
   38801222.220211208     
   39801222.220211208     
   40801222.220211208     
   41801222.220211208     
   42801222.220211208     
   43801222.220211208     
   44801222.220211208     
   45801222.220211208     
   46801222.220211208     
   47801222.220211208     
   48801222.220211208     
   49801222.220211208     
   50801222.220211208     
   51801222.220211208     
   52801222.220211208     
   53801222.220211208     
   54801222.220211208     
   55801222.220211208     
   56801222.220211208     
   57801222.220211208     
   58801222.220211208     
   59801222.220211208     
   60801222.220211208     
   61801222.220211208     
   62801222.220211208     
   63801222.220211208     
   64801222.220211208     
   65801222.220211208     
   66801222.220211208     
   67801222.220211208     
   68801222.220211208     
   69801222.220211208     
   70801222.220211208     
   71801222.220211208     
   72801222.220211208     
   73801222.220211208     
   74801222.220211208     
   75801222.220211208     
   76801222.220211208     
   77801222.220211208     
   78801222.220211208     
   79801222.220211208     
   80801222.220211208     
   81801222.220211208     
   82801222.220211208     
   83801222.220211208     
   84801222.220211208     
   85801222.220211208     
   86801222.220211208     
   87801222.220211208     
   88801222.220211208     
   89801222.220211208     
   90801222.220211208     
   91801222.220211208     
   92801222.220211208     
   93801222.220211208     
   94801222.220211208     
   95801222.220211208     
   96801222.220211208     
   97801222.220211208     
   98801222.220211208     
   99801222.220211208     
   100801222.22021121     
   101801222.22021121     
   102801222.22021121     
   103801222.22021121     
   104801222.22021121     
   105801222.22021121     
   106801222.22021121     
   107801222.22021121     
   108801222.22021121     
   109801222.22021121     
   110801222.22021121     
   111801222.22021121     
   112801222.22021121     
   113801222.22021121     
   114801222.22021121     
   115801222.22021121     
   116801222.22021121     
   117801222.22021121     
   118801222.22021121     
   119801222.22021121     
   120801222.22021121     
   121801222.22021121     
   122801222.22021121     
   123801222.22021121     
   124801222.22021121     
   125801222.22021121     
   126801222.22021121     
   127801222.22021121     
   128801222.22021121     
   129801222.22021121     
   130801222.22021121     
   131801222.22021121     
   132801222.22021121     
   133801222.22021121     
   134801222.22021121     
   135801222.22021121     
   136801222.22021121     
   137801222.22021121     
   138801222.22021121     
   139801222.22021121     
   140801222.22021121     
   141801222.22021121     
   142801222.22021121     
   143801222.22021121     
   144801222.22021121     
   145801222.22021121     
   146801222.22021121     
   147801222.22021121     
   148801222.22021121     
   149801222.22021121     
   150801222.22021121     
   151801222.22021121     
   152801222.22021121     
   153801222.22021121     
   154801222.22021121     
   155801222.22021121     
   156801222.22021121     
   157801222.22021121     
   158801222.22021121     
   159801222.22021121     
   160801222.22021121     
   161801222.22021121     
   162801222.22021121     
   163801222.22021121     
   164801222.22021121     
   165801222.22021121     
   166801222.22021121     
   167801222.22021121     
   168801222.22021121     
   169801222.22021121     
   170801222.22021121     
   171801222.22021121     
   172801222.22021121     
   173801222.22021121     
   174801222.22021121     
   175801222.22021121     
   176801222.22021121     
   177801222.22021121     
   178801222.22021121     
   179801222.22021121     
   180801222.22021121     
   181801222.22021121     
   182801222.22021121     
   183801222.22021121     
   184801222.22021121     
   185801222.22021121     
   186801222.22021121     
   187801222.22021121     
   188801222.22021121     
   189801222.22021121     
   190801222.22021121     
   191801222.22021121     
   192801222.22021121     
   193801222.22021121     
   194801222.22021121     
   195801222.22021121     
   196801222.22021121     
   197801222.22021121     
   198801222.22021121     
   199801222.22021121     
   200801222.22021121     
   201801222.22021121     
   202801222.22021121     
   203801222.22021121     
   204801222.22021121     
   205801222.22021121     
   206801222.22021121     
   207801222.22021121     
   208801222.22021121     
   209801222.22021121     
   210801222.22021121     
   211801222.22021121     
   212801222.22021121     
   213801222.22021121     
   214801222.22021121     
   215801222.22021121     
   216801222.22021121     
   217801222.22021121     
   218801222.22021121     
   219801222.22021121     
   220801222.22021121     
   221801222.22021121     
   222801222.22021121     
   223801222.22021121     
   224801222.22021121     
   225801222.22021121     
   226801222.22021121     
   227801222.22021121     
   228801222.22021121     
   229801222.22021121     
   230801222.22021121     
   231801222.22021121     
   232801222.22021121     
   233801222.22021121     
   234801222.22021121     
   235801222.22021121     
   236801222.22021121     
   237801222.22021121     
   238801222.22021121     
   239801222.22021121     
   240801222.22021121     
   241801222.22021121     
   242801222.22021121     
   243801222.22021121     
   244801222.22021121     
   245801222.22021121     
   246801222.22021121     
   247801222.22021121     
   248801222.22021121     
   249801222.22021121     
   250801222.22021121     
   251801222.22021121     
   252801222.22021121     
   253801222.22021121     
   254801222.22021121     
   255801222.22021121     
   256801222.22021121     
   257801222.22021121     
   258801222.22021121     
   259801222.22021121     
   260801222.22021121     
   261801222.22021121     
   262801222.22021121     
   263801222.22021121     
   264801222.22021121     
   265801222.22021121     
   266801222.22021121     
   267801222.22021121     
   268801222.22021121     
   269801222.22021121     
   270801222.22021121     
   271801222.22021121     
   272801222.22021121     
   273801222.22021121     
   274801222.22021121     
   275801222.22021121     
   276801222.22021121     
   277801222.22021121     
   278801222.22021121     
   279801222.22021121     
   280801222.22021121     
   281801222.22021121     
   282801222.22021121     
   283801222.22021121     
   284801222.22021121     
   285801222.22021121     
   286801222.22021121     
   287801222.22021121     
   288801222.22021121     
   289801222.22021121     
   290801222.22021121     
   291801222.22021121     
   292801222.22021121     
   293801222.22021121     
   294801222.22021121     
   295801222.22021121     
   296801222.22021121     
   297801222.22021121     
   298801222.22021121     
   299801222.22021121     
   300801222.22021121     
   301801222.22021121     
   302801222.22021121     
   303801222.22021121     
   304801222.22021121     
   305801222.22021121     
   306801222.22021121     
   307801222.22021121     
   308801222.22021121     
   309801222.22021121     
   310801222.22021121     
   311801222.22021121     
   312801222.22021121     
   313801222.22021121     
   314801222.22021121     
   315801222.22021121     
   316801222.22021121     
   317801222.22021121     
   318801222.22021121     
   319801222.22021121     
   320801222.22021121     
   321801222.22021121     
   322801222.22021121     
   323801222.22021121     
   324801222.22021121     
   325801222.22021121     
   326801222.22021121     
   327801222.22021121     
   328801222.22021121     
   329801222.22021121     
   330801222.22021121     
   331801222.22021121     
   332801222.22021121     
   333801222.22021121     
   334801222.22021121     
   335801222.22021121     
   336801222.22021121     
   337801222.22021121     
   338801222.22021121     
   339801222.22021121     
   340801222.22021121     
   341801222.22021121     
   342801222.22021121     
   343801222.22021121     
   344801222.22021121     
   345801222.22021121     
   346801222.22021121     
   356801222.22021121     
   366801222.22021121     
   376801222.22021121     
   386801222.22021121     
   396801222.22021121     
   406801222.22021121     
   416801222.22021121     
   426801222.22021121     
   436801222.22021121     
   446801222.22021121     
   456801222.22021121     
   466801222.22021121     
   476801222.22021121     
   486801222.22021121     
   496801222.22021121     
   506801222.22021121     
   516801222.22021121     
   526801222.22021121     
   536801222.22021121     
   546801222.22021127     
   556801222.22021127     
   566801222.22021127     
   576801222.22021127     
   586801222.22021127     
   596801222.22021127     
   606801222.22021127     
   616801222.22021127     
   626801222.22021127     
   636801222.22021127     
   646801222.22021127     
   656801222.22021127     
   666801222.22021127     
   676801222.22021127     
   686801222.22021127     
   696801222.22021127     
   706801222.22021127     
   716801222.22021127     
   726801222.22021127     
   736801222.22021127     
   746801222.22021127     
   756801222.22021127     
   766801222.22021127     
   776801222.22021127     
   786801222.22021127     
   796801222.22021127     
   806801222.22021127     
   816801222.22021127     
   826801222.22021127     
   836801222.22021127     
   846801222.22021127     
   856801222.22021127     
   866801222.22021127     
   876801222.22021127     
   886801222.22021127     
   896801222.22021127     
   906801222.22021127     
   916801222.22021127     
   926801222.22021127     
   936801222.22021127     
   946801222.22021127     
   956801222.22021127     
   966801222.22021127     
   976801222.22021127     
   986801222.22021127     
   996801222.22021127     
   1006801222.2202113     
   1016801222.2202113     
   1026801222.2202113     
   1036801222.2202113     
   1046801222.2202113     
   1056801222.2202113     
   1066801222.2202113     
   1076801222.2202113     
   1086801222.2202113     
   1096801222.2202113     
   1106801222.2202113     
   1116801222.2202113     
   1126801222.2202113     
   1136801222.2202113     
   1146801222.2202113     
   1246801222.2202113     
   1346801222.2202113     
   1446801222.2202113     
   1546801222.2202113     
   1646801222.2202113     
   1746801222.2202113     
   1846801222.2202113     
   1946801222.2202113     
   2046801222.2202113     
   2146801222.2202113     
   2246801222.2202110     
   2346801222.2202110     
   2446801222.2202110     
   2546801222.2202110     
   2646801222.2202110     
   2746801222.2202110     
   2846801222.2202110     
   2946801222.2202110     
   3046801222.2202110     
   3146801222.2202110     
   3246801222.2202110     
   3346801222.2202110     
   3446801222.2202110     
   3546801222.2202110     
   3646801222.2202110     
   3746801222.2202110     
   3846801222.2202110     
   3946801222.2202110     
   4046801222.2202110     
   4146801222.2202110     
   4246801222.2202110     
   4346801222.2202110     
   4446801222.2202110     
   4546801222.2202110     
   4646801222.2202110     
   4746801222.2202110     
   4846801222.2202110     
   4946801222.2202110     
   5046801222.2202110     
   5146801222.2202110     
   5246801222.2202110     
   5346801222.2202110     
   5446801222.2202110     
   5546801222.2202110     
   5646801222.2202110     
   5746801222.2202110     
   5846801222.2202110     
   5946801222.2202110     
   6046801222.2202110     
   6146801222.2202110     
   6246801222.2202110     
   6346801222.2202110     
   6446801222.2202110     
   6546801222.2202110     
   6646801222.2202110     
   6746801222.2202110     
   6846801222.2202110     
   6946801222.2202110     
   7046801222.2202110     
   7146801222.2202110     
   7246801222.2202110     
   7346801222.2202110     
   7446801222.2202110     
   7546801222.2202110     
   7646801222.2202110     
   7746801222.2202110     
   7846801222.2202110     
   7946801222.2202110     
   8046801222.2202110     
   8146801222.2202110     
   8246801222.2202110     
   8346801222.2202110     
   8446801222.2202110     
   8546801222.2202110     
   8646801222.2202110     
   8746801222.2202110     
   8846801222.2202110     
   8946801222.2202110     
   9046801222.2202110     
   9146801222.2202110     
   9246801222.2202110     
   9346801222.2202110     
   9446801222.2202110     
   9546801222.2202110     
   9646801222.2202110     
   9746801222.2202110     
   9846801222.2202110     
   9946801222.2202110     
   10046801222.220211     
   10146801222.220211     
   10246801222.220211     
   10346801222.220211     
   10446801222.220211     
   10546801222.220211     
   10646801222.220211     
   10746801222.220211     
   10846801222.220211     
   10946801222.220211     
   11046801222.220211     
   11146801222.220211     
   11246801222.220211     
   11346801222.220211     
   11446801222.220211     
   11546801222.220211     
   11646801222.220211     
   11746801222.220211     
   11846801222.220211     
   11946801222.220211     
   12046801222.220211     
   12146801222.220211     
   12246801222.220211     
   12346801222.220211     
   12446801222.220211     
   12546801222.220211     
   12646801222.220211     
   12746801222.220211     
   12846801222.220211     
   12946801222.220211     
   13046801222.220211     
   13146801222.220211     
   13246801222.220211     
   13346801222.220211     
   13446801222.220211     
   13546801222.220211     
   13646801222.220211     
   13746801222.220211     
   13846801222.220211     
   13946801222.220211     
   14046801222.220211     
   14146801222.220211     
   14246801222.220211     
   14346801222.220211     
   14446801222.220211     
   14546801222.220211     
   14646801222.220211     
   14746801222.220211     
   14846801222.220211     
   14946801222.220211     
   15046801222.220211     
   15146801222.220211     
   15246801222.220211     
   15346801222.220211     
   15446801222.220211     
   15546801222.220211     
   15646801222.220211     
   15746801222.220211     
   15846801222.220211     
   15946801222.220211     
   16046801222.220211     
   16146801222.220211     
   16246801222.220211     
   16346801222.220211     
   16446801222.220211     
   16546801222.220211     
   16646801222.220211     
   16746801222.220211     
   16846801222.220211     
   16946801222.220211     
   17046801222.220211     
   17146801222.220211     
   17246801222.220211     
   17346801222.220211     
   17446801222.220211     
   17546801222.220211     
   17646801222.220211     
   17746801222.220211     
   17846801222.220211     
   17946801222.220211     
   18046801222.220211     
   18146801222.220211     
   18246801222.220211     
   18346801222.220211     
   18446801222.220211     
   18546801222.220211     
   18646801222.220211     
   18746801222.220211     
   18846801222.220211     
   18946801222.220211     
   19046801222.220211     
   19146801222.220211     
   19246801222.220211     
   19346801222.220211     
   19446801222.220211     
   19546801222.220211     
   19646801222.220211     
   19746801222.220211     
   19846801222.220211     
   19946801222.220211     
   20046801222.220211     
   20146801222.220211     
   20246801222.220211     
   20346801222.220211     
   20446801222.220211     
   20546801222.220211     
   20646801222.220211     
   20746801222.220211     
   20846801222.220211     
   20946801222.220211     
   21046801222.220211     
   21146801222.220211     
   21246801222.220211     
   21346801222.220211     
   21446801222.220211     
   21546801222.220211     
   21646801222.220211     
   21746801222.220211     
   21846801222.220211     
   21946801222.220211     
   22046801222.220211     
   22146801222.220211     
   22246801222.220211     
   22346801222.220211     
   22446801222.220211     
   22546801222.220211     
   22646801222.220211     
   22746801222.220211     
   22846801222.220211     
   22946801222.220211     
   23046801222.220211     
   23146801222.220211     
   23246801222.220211     
   23346801222.220211     
   23446801222.220211     
   23546801222.220211     
   23646801222.220211     
   23746801222.220211     
   23846801222.220211     
   23946801222.220211     
   24046801222.220211     
   24146801222.220211     
   24246801222.220211     
   24346801222.220211     
   24446801222.220211     
   24546801222.220211     
   24646801222.220211     
   24746801222.220211     
   24846801222.220211     
   24946801222.220211     
   25046801222.220211     
   25146801222.220211     
   25246801222.220211     
   25346801222.220211     
   25446801222.220211     
   25546801222.220211     
   25646801222.220211     
   25746801222.220211     
   25846801222.220211     
   25946801222.220211     
   26046801222.220211     
   26146801222.220211     
   26246801222.220211     
   26346801222.220211     
   26446801222.220211     
   26546801222.220211     
   26646801222.220211     
   26746801222.220211     
   26846801222.220211     
   26946801222.220211     
   27046801222.220211     
   27146801222.220211     
   27246801222.220211     
   27346801222.220211     
   27446801222.220211     
   27546801222.220211     
   27646801222.220211     
   27746801222.220211     
   27846801222.220211     
   27946801222.220211     
   28046801222.220211     
   28146801222.220211     
   28246801222.220211     
   28346801222.220211     
   28446801222.220211     
   28546801222.220211     
   28646801222.220211     
   28746801222.220211     
   28846801222.220211     
   28946801222.220211     
   29046801222.220211     
   29146801222.220211     
   29246801222.220211     
   29346801222.220211     
   29446801222.220211     
   29546801222.220211     
   29646801222.220211     
   29746801222.220211     
   29846801222.220211     
   29946801222.220211     
   30046801222.220211     
   30146801222.220211     
   30246801222.220211     
   30346801222.220211     
   30446801222.220211     
   30546801222.220211     
   30646801222.220211     
   30746801222.220211     
   30846801222.220211     
   30946801222.220211     
   31046801222.220211     
   31146801222.220211     
   31246801222.220211     
   31346801222.220211     
   31446801222.220211     
   31546801222.220211     
   31646801222.220211     
   31746801222.220211     
   31846801222.220211     
   31946801222.220211     
   32046801222.220211     
   32146801222.220211     
   32246801222.220211     
   32346801222.220211     
   32446801222.220211     
   32546801222.220211     
   32646801222.220211     
   32746801222.220211     
   32846801222.220211     
   33846801222.220211     
   34846801222.220215     
   35846801222.220215     
   36846801222.220215     
   37846801222.220215     
   38846801222.220215     
   39846801222.220215     
   40846801222.220215     
   41846801222.220215     
   42846801222.220215     
   43846801222.220215     
   44846801222.220215     
   45846801222.220215     
   46846801222.220215     
   56846801222.220215     
   66846801222.220215     
   76846801222.220215     
   86846801222.220215     
   96846801222.220215     
   106846801222.22021     
   116846801222.22021     
   126846801222.22021     
   136846801222.22021     
   146846801222.22021     
   156846801222.22021     
   166846801222.22021     
   176846801222.22021     
   186846801222.22021     
   196846801222.22021     
   206846801222.22021     
   216846801222.22021     
   226846801222.22021     
   236846801222.22021     
   246846801222.22021     
   256846801222.22021     
   266846801222.22021     
   276846801222.22021     
   286846801222.22021     
   296846801222.22021     
   306846801222.22021     
   316846801222.22021     
   326846801222.22021     
   336846801222.22021     
   436846801222.22021     
   536846801222.22021     
   636846801222.22021     
   736846801222.22021     
   836846801222.22021     
   936846801222.22021     
   1036846801222.2202     
   1136846801222.2202     
   1236846801222.2202     
   1336846801222.2202     
   1436846801222.2202     
   1536846801222.2202     
   1636846801222.2202     
   1736846801222.2202     
   1836846801222.2202     
   1936846801222.2202     
   2036846801222.2202     
   2136846801222.2202     
   3136846801222.2202     
   4136846801222.2202     
   5136846801222.2207     
   6136846801222.2207     
   7136846801222.2207     
   8136846801222.2207     
   9136846801222.2207     
   19136846801222.219     
   29136846801222.219     
   129136846801222.22     
   229136846801222.22     
   329136846801222.25     
   429136846801222.25     
   529136846801222.25     
   629136846801222.25     
   729136846801222.25     
   829136846801222.25     
   929136846801222.25     
   1029136846801222.2     
   1129136846801222.2     
   1229136846801222.2     
   1329136846801222.2     
   1429136846801222.2     
   1529136846801222.2     
   1629136846801222.2     
   1729136846801222.2     
   1829136846801222.2     
   1929136846801222.2     
   2029136846801222.2     
   2129136846801222.2     
   2229136846801222.2     
   2329136846801222.0     
   2429136846801222.0     
   2529136846801222.0     
   2629136846801222.0     
   2729136846801222.0     
   2829136846801222.0     
   2929136846801222.0     
   3029136846801222.0     
