  0.50000000000000000        1.2519324254408803E-018
   1.5000000000000000        1.5455955869640497E-020
   2.5000000000000000        2.0030918807054082E-021
   3.5000000000000000        5.2142125174547280E-022
   4.5000000000000000        1.9081426999556167E-022
   5.5000000000000000        8.5508669178394938E-023
   6.5000000000000000        4.3833634166901726E-023
   7.5000000000000000        2.4729529391424792E-023
   8.5000000000000000        1.4989432902394371E-023
   9.5000000000000000        9.6065286902408682E-024
   10.500000000000000        6.4372994042650968E-024
   11.500000000000000        4.4737276719311327E-024
   12.500000000000000        3.2049470091286534E-024
   13.500000000000000        2.3557317283402677E-024
   14.500000000000000        1.7700637023204076E-024
   15.500000000000000        1.3556079671614183E-024
   16.500000000000000        1.0556625824493203E-024
   17.500000000000000        8.3427400279275651E-025
   18.500000000000000        6.6799619960125101E-025
   19.500000000000000        5.4115597736915712E-025
   20.500000000000000        4.4304257346636184E-025
   21.500000000000000        3.6619049352123163E-025
   22.500000000000000        3.0530283199289866E-025
   23.500000000000000        2.5656030085591256E-025
   24.500000000000000        2.1716836807391619E-025
   25.500000000000000        1.8505472719005396E-025
   26.500000000000000        1.5866363855902833E-025
   27.500000000000000        1.3681387068543189E-025
   28.500000000000000        1.1859911963260331E-025
   29.500000000000000        1.0331725079750287E-025
   30.500000000000000        9.0419384813163777E-026
   31.500000000000000        7.9472832151420943E-026
   32.500000000000000        7.0133814667042766E-026
   33.500000000000000        6.2127185154656173E-026
   34.500000000000000        5.5231205826310285E-026
   35.500000000000000        4.9266021615841957E-026
   36.500000000000000        4.4084858123461952E-026
   37.500000000000000        3.9567247026279671E-026
   38.500000000000000        3.5613773085545581E-026
   39.500000000000000        3.2141972321980033E-026
   40.500000000000000        2.9083107757287257E-026
   41.500000000000000        2.6379618980639461E-026
   42.500000000000000        2.3983092643830993E-026
   43.500000000000000        2.1852638300251946E-026
   44.500000000000000        1.9953581598095615E-026
   45.500000000000000        1.8256407399792473E-026
   46.500000000000000        1.6735900829153312E-026
   47.500000000000000        1.5370445904385389E-026
   48.500000000000000        1.4141450278364737E-026
   49.500000000000000        1.3032871388263212E-026
   50.500000000000000        1.2030824534693848E-026
   51.500000000000000        1.1123257448698960E-026
   52.500000000000000        1.0299679046824154E-026
   53.500000000000000        9.5509325317589290E-027
   54.500000000000000        8.8690049273231902E-027
   55.500000000000000        8.2468666617438400E-027
   56.500000000000000        7.6783360231195647E-027
   57.500000000000000        7.1579642750898130E-027
   58.500000000000000        6.6809379922118154E-027
   59.500000000000000        6.2429957944166473E-027
   60.500000000000000        5.8403571599204241E-027
   61.500000000000000        5.4696614008192825E-027
   62.500000000000000        5.1279152146058448E-027
   63.500000000000000        4.8124474931654666E-027
   64.500000000000000        4.5208702903855757E-027
   65.500000000000000        4.2510450297909594E-027
   66.500000000000000        4.0010531821078165E-027
   67.500000000000000        3.7691707653444282E-027
   68.500000000000000        3.5538461216448241E-027
   69.500000000000000        3.3536805096690855E-027
   70.500000000000000        3.1674111216779328E-027
   71.500000000000000        2.9938961933543972E-027
   72.500000000000000        2.8321019237126523E-027
   73.500000000000000        2.6810909638755087E-027
   74.500000000000000        2.5400122683957289E-027
   75.500000000000000        2.4080921322552268E-027
   76.500000000000000        2.2846262616056045E-027
   77.500000000000000        2.1689727474582691E-027
   78.500000000000000        2.0605458295071843E-027
   79.500000000000000        1.9588103525805962E-027
   80.500000000000000        1.8632768312916004E-027
   81.500000000000000        1.7734970496417047E-027
   82.500000000000000        1.6890601319189123E-027
   83.500000000000000        1.6095890294663404E-027
   84.500000000000000        1.5347373749834295E-027
   85.500000000000000        1.4641866621309052E-027
   86.500000000000000        1.3976437134870839E-027
   87.500000000000000        1.3348384044684103E-027
   88.500000000000000        1.2755216147839861E-027
   89.500000000000000        1.2194633824291409E-027
   90.500000000000000        1.1664512382105004E-027
   91.500000000000000        1.1162887013970836E-027
   92.500000000000000        1.0687939193620015E-027
   93.500000000000000        1.0237984360627261E-027
   94.500000000000000        9.8114607594346853E-028
   95.500000000000000        9.4069193136415455E-028
   96.500000000000000        9.0230144299523950E-028
   97.500000000000000        8.6584956379065141E-028
   98.500000000000000        8.3121999818347395E-028
   99.500000000000000        7.9830450905867909E-028
   100.50000000000000        7.6700228585995276E-028
   101.50000000000000        7.3721936789687948E-028
   102.50000000000000        7.0886811754617906E-028
   103.50000000000000        6.8186673859642319E-028
   104.50000000000000        6.5613883547851025E-028
   105.50000000000000        6.3161300956175839E-028
   106.50000000000000        6.0822248908446853E-028
   107.50000000000000        5.8590478963397057E-028
   108.50000000000000        5.6460140239959112E-028
   109.50000000000000        5.4425750769706106E-028
   110.50000000000000        5.2482171150850362E-028
   111.50000000000000        5.0624580300168309E-028
   112.50000000000000        4.8848453118863785E-028
   113.50000000000000        4.7149539905976364E-028
   114.50000000000000        4.5523847368716382E-028
   115.50000000000000        4.3967621093266148E-028
   116.50000000000000        4.2477329352304209E-028
   117.50000000000000        4.1049648136946007E-028
   118.50000000000000        3.9681447311086456E-028
   119.50000000000000        3.8369777795402136E-028
   120.50000000000000        3.7111859696631098E-028
   121.50000000000000        3.5905071305292909E-028
   122.50000000000000        3.4746938891826590E-028
   123.50000000000000        3.3635127237284653E-028
   124.50000000000000        3.2567430840295625E-028
   125.50000000000000        3.1541765747055208E-028
   126.50000000000000        3.0556161955680168E-028
   127.50000000000000        2.9608756350408637E-028
   128.50000000000000        2.8697786124896170E-028
   129.50000000000000        2.7821582657278259E-028
   130.50000000000000        2.6978565802780177E-028
   131.50000000000000        2.6167238572484705E-028
   132.50000000000000        2.5386182169444529E-028
   133.50000000000000        2.4634051355673599E-028
   134.50000000000000        2.3909570125691691E-028
   135.50000000000000        2.3211527664249573E-028
   136.50000000000000        2.2538774567645029E-028
   137.50000000000000        2.1890219309669104E-028
   138.50000000000000        2.1264824934711628E-028
   139.50000000000000        2.0661605961917671E-028
   140.50000000000000        2.0079625485534294E-028
   141.50000000000000        1.9517992457729952E-028
   142.50000000000000        1.8975859141216532E-028
   143.50000000000000        1.8452418719965094E-028
   144.50000000000000        1.7946903057188457E-028
   145.50000000000000        1.7458580590573753E-028
   146.50000000000000        1.6986754355492539E-028
   147.50000000000000        1.6530760127600459E-028
   148.50000000000000        1.6089964676868162E-028
   149.50000000000000        1.5663764125664833E-028
   150.50000000000000        1.5251582404049631E-028
   151.50000000000000        1.4852869795918332E-028
   152.50000000000000        1.4467101570106203E-028
   153.50000000000000        1.4093776690966711E-028
   154.50000000000000        1.3732416603332049E-028
   155.50000000000000        1.3382564087118321E-028
   156.50000000000000        1.3043782177168036E-028
   157.50000000000000        1.2715653144227350E-028
   158.50000000000000        1.2397777533237587E-028
   159.50000000000000        1.2089773255381517E-028
   160.50000000000000        1.1791274730566579E-028
   161.50000000000000        1.1501932077251074E-028
   162.50000000000000        1.1221410346726843E-028
   163.50000000000000        1.0949388799164432E-028
   164.50000000000000        1.0685560218905145E-028
   165.50000000000000        1.0429630266650121E-028
   166.50000000000000        1.0181316866350419E-028
   167.50000000000000        9.9403496247449870E-029
   168.50000000000000        9.7064692816262419E-029
   169.50000000000000        9.4794271890365014E-029
   170.50000000000000        9.2589848177133970E-029
   171.50000000000000        9.0449132892093382E-029
   172.50000000000000        8.8369929322096453E-029
   173.50000000000000        8.6350128616666872E-029
   174.50000000000000        8.4387705794537926E-029
   175.50000000000000        8.2480715953232294E-029
   176.50000000000000        8.0627290670276777E-029
   177.50000000000000        7.8825634585347122E-029
   178.50000000000000        7.7074022153291946E-029
   179.50000000000000        7.5370794558596033E-029
   180.50000000000000        7.3714356782413180E-029
   181.50000000000000        7.2103174813832398E-029
   182.50000000000000        7.0535772997539120E-029
   183.50000000000000        6.9010731510499547E-029
   184.50000000000000        6.7526683960731877E-029
   185.50000000000000        6.6082315101636114E-029
   186.50000000000000        6.4676358655736443E-029
   187.50000000000000        6.3307595242047470E-029
   188.50000000000000        6.1974850401610847E-029
   189.50000000000000        6.0676992716062942E-029
   190.50000000000000        5.9412932014388480E-029
   191.50000000000000        5.8181617663291392E-029
   192.50000000000000        5.6982036936872925E-029
   193.50000000000000        5.5813213461550318E-029
   194.50000000000000        5.4674205732377489E-029
   195.50000000000000        5.3564105697143625E-029
   196.50000000000000        5.2482037404826662E-029
   197.50000000000000        5.1427155715168046E-029
   198.50000000000000        5.0398645066312979E-029
   199.50000000000000        4.9395718297627373E-029
   200.50000000000000        4.8417615524960309E-029
   201.50000000000000        4.7463603065768646E-029
   202.50000000000000        4.6532972411659610E-029
   203.50000000000000        4.5625039246038586E-029
   204.50000000000000        4.4739142504672643E-029
   205.50000000000000        4.3874643477096586E-029
   206.50000000000000        4.3030924946898328E-029
   207.50000000000000        4.2207390369023131E-029
   208.50000000000000        4.1403463082334393E-029
   209.50000000000000        4.0618585555759741E-029
   210.50000000000000        3.9852218666438742E-029
   211.50000000000000        3.9103841008369539E-029
   212.50000000000000        3.8372948230129584E-029
   213.50000000000000        3.7659052400318105E-029
   214.50000000000000        3.6961681399436997E-029
   215.50000000000000        3.6280378336991976E-029
   216.50000000000000        3.5614700992656959E-029
   217.50000000000000        3.4964221280403109E-029
   218.50000000000000        3.4328524734548794E-029
   219.50000000000000        3.3707210016738380E-029
   220.50000000000000        3.3099888442907514E-029
   221.50000000000000        3.2506183529338387E-029
   222.50000000000000        3.1925730556952983E-029
   223.50000000000000        3.1358176153033693E-029
   224.50000000000000        3.0803177889600264E-029
   225.50000000000000        3.0260403897709304E-029
   226.50000000000000        2.9729532496978112E-029
   227.50000000000000        2.9210251839667957E-029
   228.50000000000000        2.8702259568693861E-029
   229.50000000000000        2.8205262488958078E-029
   230.50000000000000        2.7718976251432917E-029
   231.50000000000000        2.7243125049445833E-029
   232.50000000000000        2.6777441326645299E-029
   233.50000000000000        2.6321665496150475E-029
   234.50000000000000        2.5875545670410733E-029
   235.50000000000000        2.5438837401323263E-029
   236.50000000000000        2.5011303430177696E-029
   237.50000000000000        2.4592713447016623E-029
   238.50000000000000        2.4182843859019707E-029
   239.50000000000000        2.3781477567536953E-029
   240.50000000000000        2.3388403753413782E-029
   241.50000000000000        2.3003417670266676E-029
   242.50000000000000        2.2626320445383582E-029
   243.50000000000000        2.2256918887937876E-029
   244.50000000000000        2.1895025304218577E-029
   245.50000000000000        2.1540457319592780E-029
   246.50000000000000        2.1193037706928889E-029
   247.50000000000000        2.0852594221221140E-029
   248.50000000000000        2.0518959440167411E-029
   249.50000000000000        2.0191970610463125E-029
   250.50000000000000        1.9871469499584449E-029
   251.50000000000000        1.9557302252843805E-029
   252.50000000000000        1.9249319255510156E-029
   253.50000000000000        1.8947374999795425E-029
   254.50000000000000        1.8651327956517016E-029
   255.50000000000000        1.8361040451254457E-029
   256.50000000000000        1.8076378544825988E-029
   257.50000000000000        1.7797211917918336E-029
   258.50000000000000        1.7523413759709891E-029
   259.50000000000000        1.7254860660334367E-029
   260.50000000000000        1.6991432507038268E-029
   261.50000000000000        1.6733012383891811E-029
   262.50000000000000        1.6479486474918645E-029
   263.50000000000000        1.6230743970515418E-029
   264.50000000000000        1.5986676977037437E-029
   265.50000000000000        1.5747180429431927E-029
   266.50000000000000        1.5512152006805150E-029
   267.50000000000000        1.5281492050814288E-029
   268.50000000000000        1.5055103486779516E-029
   269.50000000000000        1.4832891747415902E-029
   270.50000000000000        1.4614764699088737E-029
   271.50000000000000        1.4400632570500005E-029
   272.50000000000000        1.4190407883717104E-029
   273.50000000000000        1.3984005387458816E-029
   274.50000000000000        1.3781341992556587E-029
   275.50000000000000        1.3582336709512722E-029
   276.50000000000000        1.3386910588079977E-029
   277.50000000000000        1.3194986658790144E-029
   278.50000000000000        1.3006489876362004E-029
   279.50000000000000        1.2821347064921804E-029
   280.50000000000000        1.2639486864971926E-029
   281.50000000000000        1.2460839682046038E-029
   282.50000000000000        1.2285337636991305E-029
   283.50000000000000        1.2112914517820599E-029
   284.50000000000000        1.1943505733079779E-029
   285.50000000000000        1.1777048266677305E-029
   286.50000000000000        1.1613480634125366E-029
   287.50000000000000        1.1452742840143702E-029
   288.50000000000000        1.1294776337579125E-029
   289.50000000000000        1.1139523987595548E-029
   290.50000000000000        1.0986930021090985E-029
   291.50000000000000        1.0836940001299659E-029
   292.50000000000000        1.0689500787538906E-029
   293.50000000000000        1.0544560500062094E-029
   294.50000000000000        1.0402068485980144E-029
   295.50000000000000        1.0261975286215728E-029
   296.50000000000000        1.0124232603455444E-029
   297.50000000000000        9.9887932710666361E-030
   298.50000000000000        9.8556112229466572E-030
   299.50000000000000        9.7246414642736471E-030
   300.50000000000000        9.5958400431289483E-030
   301.50000000000000        9.4691640229623788E-030
   302.50000000000000        9.3445714558726779E-030
   303.50000000000000        9.2220213566763651E-030
   304.50000000000000        9.1014736777392531E-030
   305.50000000000000        8.9828892845457988E-030
   306.50000000000000        8.8662299319822977E-030
   307.50000000000000        8.7514582413108513E-030
   308.50000000000000        8.6385376778118139E-030
   309.50000000000000        8.5274325290732176E-030
   310.50000000000000        8.4181078839064604E-030
   311.50000000000000        8.3105296118682289E-030
   312.50000000000000        8.2046643433693527E-030
   313.50000000000000        8.1004794503519775E-030
   314.50000000000000        7.9979430275170437E-030
   315.50000000000000        7.8970238740847275E-030
   316.50000000000000        7.7976914760710916E-030
   317.50000000000000        7.6999159890647476E-030
   318.50000000000000        7.6036682214879093E-030
   319.50000000000000        7.5089196183267718E-030
   320.50000000000000        7.4156422453165852E-030
   321.50000000000000        7.3238087735674102E-030
   322.50000000000000        7.2333924646169203E-030
   323.50000000000000        7.1443671558971065E-030
   324.50000000000000        7.0567072466022049E-030
   325.50000000000000        6.9703876839455698E-030
   326.50000000000000        6.8853839497936418E-030
   327.50000000000000        6.8016720476655347E-030
   328.50000000000000        6.7192284900871742E-030
   329.50000000000000        6.6380302862892750E-030
   330.50000000000000        6.5580549302387972E-030
   331.50000000000000        6.4792803889938706E-030
   332.50000000000000        6.4016850913725066E-030
   333.50000000000000        6.3252479169257110E-030
   334.50000000000000        6.2499481852059638E-030
   335.50000000000000        6.1757656453222979E-030
   336.50000000000000        6.1026804657734766E-030
   337.50000000000000        6.0306732245510856E-030
   338.50000000000000        5.9597248995046007E-030
   339.50000000000000        5.8898168589607406E-030
   340.50000000000000        5.8209308525896746E-030
   341.50000000000000        5.7530490025108832E-030
   342.50000000000000        5.6861537946317180E-030
   343.50000000000000        5.6202280702118995E-030
   344.50000000000000        5.5552550176474315E-030
   345.50000000000000        5.4912181644676181E-030
   346.50000000000000        5.4281013695390304E-030
   347.50000000000000        5.3658888154705370E-030
   348.50000000000000        5.3045650012136099E-030
   349.50000000000000        5.2441147348523716E-030
   350.50000000000000        5.1845231265779834E-030
   351.50000000000000        5.1257755818421510E-030
   352.50000000000000        5.0678577946846921E-030
   353.50000000000000        5.0107557412302570E-030
   354.50000000000000        4.9544556733494603E-030
   355.50000000000000        4.8989441124798091E-030
   356.50000000000000        4.8442078436019679E-030
   357.50000000000000        4.7902339093670351E-030
   358.50000000000000        4.7370096043706338E-030
   359.50000000000000        4.6845224695697522E-030
   360.50000000000000        4.6327602868383837E-030
   361.50000000000000        4.5817110736581600E-030
   362.50000000000000        4.5313630779402434E-030
   363.50000000000000        4.4817047729749065E-030
   364.50000000000000        4.4327248525052974E-030
   365.50000000000000        4.3844122259220034E-030
   366.50000000000000        4.3367560135751477E-030
   367.50000000000000        4.2897455422008136E-030
   368.50000000000000        4.2433703404587231E-030
   369.50000000000000        4.1976201345781567E-030
   370.50000000000000        4.1524848441092153E-030
   371.50000000000000        4.1079545777766028E-030
   372.50000000000000        4.0640196294331672E-030
   373.50000000000000        4.0206704741105715E-030
   374.50000000000000        3.9778977641644852E-030
   375.50000000000000        3.9356923255117992E-030
   376.50000000000000        3.8940451539574333E-030
   377.50000000000000        3.8529474116083634E-030
   378.50000000000000        3.8123904233725826E-030
   379.50000000000000        3.7723656735407614E-030
   380.50000000000000        3.7328648024484395E-030
   381.50000000000000        3.6938796032166554E-030
   382.50000000000000        3.6554020185689667E-030
   383.50000000000000        3.6174241377228695E-030
   384.50000000000000        3.5799381933537022E-030
   385.50000000000000        3.5429365586291562E-030
   386.50000000000000        3.5064117443125681E-030
   387.50000000000000        3.4703563959332313E-030
   388.50000000000000        3.4347632910220071E-030
   389.50000000000000        3.3996253364105695E-030
   390.50000000000000        3.3649355655926473E-030
   391.50000000000000        3.3306871361457017E-030
   392.50000000000000        3.2968733272114948E-030
   393.50000000000000        3.2634875370340685E-030
   394.50000000000000        3.2305232805536666E-030
   395.50000000000000        3.1979741870552126E-030
   396.50000000000000        3.1658339978699543E-030
   397.50000000000000        3.1340965641289540E-030
   398.50000000000000        3.1027558445671243E-030
   399.50000000000000        3.0718059033765467E-030
   400.50000000000000        3.0412409081078514E-030
   401.50000000000000        3.0110551276184655E-030
   402.50000000000000        2.9812429300665610E-030
   403.50000000000000        2.9517987809495915E-030
   404.50000000000000        2.9227172411862982E-030
   405.50000000000000        2.8939929652411370E-030
   406.50000000000000        2.8656206992900709E-030
   407.50000000000000        2.8375952794267276E-030
   408.50000000000000        2.8099116299079320E-030
   409.50000000000000        2.7825647614376576E-030
   410.50000000000000        2.7555497694884627E-030
   411.50000000000000        2.7288618326595070E-030
   412.50000000000000        2.7024962110702598E-030
   413.50000000000000        2.6764482447890474E-030
   414.50000000000000        2.6507133522955935E-030
   415.50000000000000        2.6252870289767445E-030
   416.50000000000000        2.6001648456545803E-030
   417.50000000000000        2.5753424471461447E-030
   418.50000000000000        2.5508155508540332E-030
   419.50000000000000        2.5265799453871143E-030
   420.50000000000000        2.5026314892106640E-030
   421.50000000000000        2.4789661093252214E-030
   422.50000000000000        2.4555797999734871E-030
   423.50000000000000        2.4324686213746042E-030
   424.50000000000000        2.4096286984851795E-030
   425.50000000000000        2.3870562197864182E-030
   426.50000000000000        2.3647474360967642E-030
   427.50000000000000        2.3426986594094483E-030
   428.50000000000000        2.3209062617543643E-030
   429.50000000000000        2.2993666740837160E-030
   430.50000000000000        2.2780763851808754E-030
   431.50000000000000        2.2570319405919214E-030
   432.50000000000000        2.2362299415793344E-030
   433.50000000000000        2.2156670440973402E-030
   434.50000000000000        2.1953399577884044E-030
   435.50000000000000        2.1752454450003910E-030
   436.50000000000000        2.1553803198239202E-030
   437.50000000000000        2.1357414471494565E-030
   438.50000000000000        2.1163257417436895E-030
   439.50000000000000        2.0971301673447577E-030
   440.50000000000000        2.0781517357758983E-030
   441.50000000000000        2.0593875060771032E-030
   442.50000000000000        2.0408345836543778E-030
   443.50000000000000        2.0224901194462023E-030
   444.50000000000000        2.0043513091068165E-030
   445.50000000000000        1.9864153922059458E-030
   446.50000000000000        1.9686796514446062E-030
   447.50000000000000        1.9511414118866257E-030
   448.50000000000000        1.9337980402055347E-030
   449.50000000000000        1.9166469439464914E-030
   450.50000000000000        1.8996855708028917E-030
   451.50000000000000        1.8829114079073617E-030
   452.50000000000000        1.8663219811368005E-030
   453.50000000000000        1.8499148544311675E-030
   454.50000000000000        1.8336876291257202E-030
   455.50000000000000        1.8176379432963939E-030
   456.50000000000000        1.8017634711180561E-030
   457.50000000000000        1.7860619222353337E-030
   458.50000000000000        1.7705310411457559E-030
   459.50000000000000        1.7551686065949370E-030
   460.50000000000000        1.7399724309835446E-030
   461.50000000000000        1.7249403597857899E-030
   462.50000000000000        1.7100702709792026E-030
   463.50000000000000        1.6953600744854382E-030
   464.50000000000000        1.6808077116218876E-030
   465.50000000000000        1.6664111545638555E-030
   466.50000000000000        1.6521684058170766E-030
   467.50000000000000        1.6380774977003613E-030
   468.50000000000000        1.6241364918381426E-030
   469.50000000000000        1.6103434786627205E-030
   470.50000000000000        1.5966965769259995E-030
   471.50000000000000        1.5831939332205139E-030
   472.50000000000000        1.5698337215095494E-030
   473.50000000000000        1.5566141426661656E-030
   474.50000000000000        1.5435334240209359E-030
   475.50000000000000        1.5305898189182204E-030
   476.50000000000000        1.5177816062807929E-030
   477.50000000000000        1.5051070901826475E-030
   478.50000000000000        1.4925645994298166E-030
   479.50000000000000        1.4801524871490311E-030
   480.50000000000000        1.4678691303840609E-030
   481.50000000000000        1.4557129296995776E-030
   482.50000000000000        1.4436823087923830E-030
   483.50000000000000        1.4317757141098520E-030
   484.50000000000000        1.4199916144754411E-030
   485.50000000000000        1.4083285007211170E-030
   486.50000000000000        1.3967848853265663E-030
   487.50000000000000        1.3853593020650423E-030
   488.50000000000000        1.3740503056557193E-030
   489.50000000000000        1.3628564714224176E-030
   490.50000000000000        1.3517763949585720E-030
   491.50000000000000        1.3408086917983160E-030
   492.50000000000000        1.3299519970935584E-030
   493.50000000000000        1.3192049652969314E-030
   494.50000000000000        1.3085662698504924E-030
   495.50000000000000        1.2980346028800598E-030
   496.50000000000000        1.2876086748950766E-030
   497.50000000000000        1.2772872144938865E-030
   498.50000000000000        1.2670689680743119E-030
   499.50000000000000        1.2569526995494347E-030
   500.50000000000000        1.2469371900684702E-030
   501.50000000000000        1.2370212377426380E-030
   502.50000000000000        1.2272036573759243E-030
   503.50000000000000        1.2174832802006454E-030
   504.50000000000000        1.2078589536177129E-030
   505.50000000000000        1.1983295409415114E-030
   506.50000000000000        1.1888939211492933E-030
   507.50000000000000        1.1795509886350071E-030
   508.50000000000000        1.1702996529674692E-030
   509.50000000000000        1.1611388386527940E-030
   510.50000000000000        1.1520674849010009E-030
   511.50000000000000        1.1430845453967155E-030
   512.50000000000000        1.1341889880738864E-030
   513.50000000000000        1.1253797948944375E-030
   514.50000000000000        1.1166559616307824E-030
   515.50000000000000        1.1080164976521245E-030
   516.50000000000000        1.0994604257144690E-030
   517.50000000000000        1.0909867817542772E-030
   518.50000000000000        1.0825946146856930E-030
   519.50000000000000        1.0742829862012695E-030
   520.50000000000000        1.0660509705761344E-030
   521.50000000000000        1.0578976544755223E-030
   522.50000000000000        1.0498221367656165E-030
   523.50000000000000        1.0418235283276288E-030
   524.50000000000000        1.0339009518750652E-030
   525.50000000000000        1.0260535417741088E-030
   526.50000000000000        1.0182804438670654E-030
   527.50000000000000        1.0105808152988136E-030
   528.50000000000000        1.0029538243462003E-030
   529.50000000000000        9.9539865025033072E-031
   530.50000000000000        9.8791448305169129E-031
   531.50000000000000        9.8050052342806063E-031
   532.50000000000000        9.7315598253514967E-031
   533.50000000000000        9.6588008184992403E-031
   534.50000000000000        9.5867205301655691E-031
   535.50000000000000        9.5153113769496216E-031
   536.50000000000000        9.4445658741186463E-031
   537.50000000000000        9.3744766341435293E-031
   538.50000000000000        9.3050363652587694E-031
   539.50000000000000        9.2362378700463764E-031
   540.50000000000000        9.1680740440433167E-031
   541.50000000000000        9.1005378743719982E-031
   542.50000000000000        9.0336224383934579E-031
   543.50000000000000        8.9673209023827563E-031
   544.50000000000000        8.9016265202262217E-031
   545.50000000000000        8.8365326321401226E-031
   546.50000000000000        8.7720326634103847E-031
   547.50000000000000        8.7081201231529783E-031
   548.50000000000000        8.6447886030945714E-031
   549.50000000000000        8.5820317763731124E-031
   550.50000000000000        8.5198433963579707E-031
   551.50000000000000        8.4582172954892632E-031
   552.50000000000000        8.3971473841360560E-031
   553.50000000000000        8.3366276494730726E-031
   554.50000000000000        8.2766521543755722E-031
   555.50000000000000        8.2172150363321140E-031
   556.50000000000000        8.1583105063748284E-031
   557.50000000000000        8.0999328480269281E-031
   558.50000000000000        8.0420764162671259E-031
   559.50000000000000        7.9847356365106716E-031
   560.50000000000000        7.9279050036067003E-031
   561.50000000000000        7.8715790808516138E-031
   562.50000000000000        7.8157524990182072E-031
   563.50000000000000        7.7604199554002527E-031
   564.50000000000000        7.7055762128722853E-031
   565.50000000000000        7.6512160989643027E-031
   566.50000000000000        7.5973345049511370E-031
   567.50000000000000        7.5439263849562180E-031
   568.50000000000000        7.4909867550694996E-031
   569.50000000000000        7.4385106924792779E-031
   570.50000000000000        7.3864933346176788E-031
   571.50000000000000        7.3349298783195650E-031
   572.50000000000000        7.2838155789946206E-031
   573.50000000000000        7.2331457498124136E-031
   574.50000000000000        7.1829157609001713E-031
   575.50000000000000        7.1331210385530835E-031
   576.50000000000000        7.0837570644568945E-031
   577.50000000000000        7.0348193749225833E-031
   578.50000000000000        6.9863035601329142E-031
   579.50000000000000        6.9382052634006627E-031
   580.50000000000000        6.8905201804383110E-031
   581.50000000000000        6.8432440586390193E-031
   582.50000000000000        6.7963726963686726E-031
   583.50000000000000        6.7499019422688266E-031
   584.50000000000000        6.7038276945703482E-031
   585.50000000000000        6.6581459004175928E-031
   586.50000000000000        6.6128525552029174E-031
   587.50000000000000        6.5679437019113614E-031
   588.50000000000000        6.5234154304753286E-031
   589.50000000000000        6.4792638771390939E-031
   590.50000000000000        6.4354852238329697E-031
   591.50000000000000        6.3920756975569739E-031
   592.50000000000000        6.3490315697738327E-031
   593.50000000000000        6.3063491558111689E-031
   594.50000000000000        6.2640248142727132E-031
   595.50000000000000        6.2220549464583922E-031
   596.50000000000000        6.1804359957931501E-031
   597.50000000000000        6.1391644472643417E-031
   598.50000000000000        6.0982368268675764E-031
   599.50000000000000        6.0576497010608495E-031
   600.50000000000000        6.0173996762268444E-031
   601.50000000000000        5.9774833981432480E-031
   602.50000000000000        5.9378975514609748E-031
   603.50000000000000        5.8986388591901381E-031
   604.50000000000000        5.8597040821936605E-031
   605.50000000000000        5.8210900186883961E-031
   606.50000000000000        5.7827935037536339E-031
   607.50000000000000        5.7448114088468656E-031
   608.50000000000000        5.7071406413266932E-031
   609.50000000000000        5.6697781439827731E-031
   610.50000000000000        5.6327208945726658E-031
   611.50000000000000        5.5959659053654885E-031
   612.50000000000000        5.5595102226922545E-031
   613.50000000000000        5.5233509265027950E-031
   614.50000000000000        5.4874851299291535E-031
   615.50000000000000        5.4519099788553496E-031
   616.50000000000000        5.4166226514934061E-031
   617.50000000000000        5.3816203579655443E-031
   618.50000000000000        5.3469003398924390E-031
   619.50000000000000        5.3124598699874471E-031
   620.50000000000000        5.2782962516567032E-031
   621.50000000000000        5.2444068186049906E-031
   622.50000000000000        5.2107889344473001E-031
   623.50000000000000        5.1774399923259869E-031
   624.50000000000000        5.1443574145334167E-031
   625.50000000000000        5.1115386521400476E-031
   626.50000000000000        5.0789811846278260E-031
   627.50000000000000        5.0466825195288341E-031
   628.50000000000000        5.0146401920691039E-031
   629.50000000000000        4.9828517648175064E-031
   630.50000000000000        4.9513148273396379E-031
   631.50000000000000        4.9200269958566350E-031
   632.50000000000000        4.8889859129088258E-031
   633.50000000000000        4.8581892470241578E-031
   634.50000000000000        4.8276346923913005E-031
   635.50000000000000        4.7973199685373897E-031
   636.50000000000000        4.7672428200102953E-031
   637.50000000000000        4.7374010160653810E-031
   638.50000000000000        4.7077923503566603E-031
   639.50000000000000        4.6784146406322903E-031
   640.50000000000000        4.6492657284343343E-031
   641.50000000000000        4.6203434788027286E-031
   642.50000000000000        4.5916457799833868E-031
   643.50000000000000        4.5631705431403710E-031
   644.50000000000000        4.5349157020720778E-031
   645.50000000000000        4.5068792129313777E-031
   646.50000000000000        4.4790590539496273E-031
   647.50000000000000        4.4514532251645218E-031
   648.50000000000000        4.4240597481517096E-031
   649.50000000000000        4.3968766657601181E-031
   650.50000000000000        4.3699020418509333E-031
   651.50000000000000        4.3431339610401778E-031
   652.50000000000000        4.3165705284448285E-031
   653.50000000000000        4.2902098694324261E-031
   654.50000000000000        4.2640501293741183E-031
   655.50000000000000        4.2380894734010849E-031
   656.50000000000000        4.2123260861642967E-031
   657.50000000000000        4.1867581715975525E-031
   658.50000000000000        4.1613839526837512E-031
   659.50000000000000        4.1362016712243421E-031
   660.50000000000000        4.1112095876119139E-031
   661.50000000000000        4.0864059806058659E-031
   662.50000000000000        4.0617891471111246E-031
   663.50000000000000        4.0373574019598503E-031
   664.50000000000000        4.0131090776960973E-031
   665.50000000000000        3.9890425243633796E-031
   666.50000000000000        3.9651561092950957E-031
   667.50000000000000        3.9414482169077757E-031
   668.50000000000000        3.9179172484971043E-031
   669.50000000000000        3.8945616220366794E-031
   670.50000000000000        3.8713797719794683E-031
   671.50000000000000        3.8483701490619156E-031
   672.50000000000000        3.8255312201106700E-031
   673.50000000000000        3.8028614678518840E-031
   674.50000000000000        3.7803593907230569E-031
   675.50000000000000        3.7580235026873777E-031
   676.50000000000000        3.7358523330505310E-031
   677.50000000000000        3.7138444262799317E-031
   678.50000000000000        3.6919983418263537E-031
   679.50000000000000        3.6703126539479151E-031
   680.50000000000000        3.6487859515363835E-031
   681.50000000000000        3.6274168379457746E-031
   682.50000000000000        3.6062039308232043E-031
   683.50000000000000        3.5851458619419611E-031
   684.50000000000000        3.5642412770367703E-031
   685.50000000000000        3.5434888356412177E-031
   686.50000000000000        3.5228872109272974E-031
   687.50000000000000        3.5024350895470563E-031
   688.50000000000000        3.4821311714763059E-031
   689.50000000000000        3.4619741698603659E-031
   690.50000000000000        3.4419628108618194E-031
   691.50000000000000        3.4220958335102366E-031
   692.50000000000000        3.4023719895538606E-031
   693.50000000000000        3.3827900433132000E-031
   694.50000000000000        3.3633487715365220E-031
   695.50000000000000        3.3440469632572141E-031
   696.50000000000000        3.3248834196529743E-031
   697.50000000000000        3.3058569539068272E-031
   698.50000000000000        3.2869663910699175E-031
   699.50000000000000        3.2682105679260700E-031
   700.50000000000000        3.2495883328580834E-031
   701.50000000000000        3.2310985457157375E-031
   702.50000000000000        3.2127400776854869E-031
   703.50000000000000        3.1945118111618190E-031
   704.50000000000000        3.1764126396202508E-031
   705.50000000000000        3.1584414674919432E-031
   706.50000000000000        3.1405972100399090E-031
   707.50000000000000        3.1228787932367920E-031
   708.50000000000000        3.1052851536441971E-031
   709.50000000000000        3.0878152382935427E-031
   710.50000000000000        3.0704680045684278E-031
   711.50000000000000        3.0532424200884753E-031
   712.50000000000000        3.0361374625946448E-031
   713.50000000000000        3.0191521198359873E-031
   714.50000000000000        3.0022853894578229E-031
   715.50000000000000        2.9855362788913218E-031
   716.50000000000000        2.9689038052444740E-031
   717.50000000000000        2.9523869951944150E-031
   718.50000000000000        2.9359848848811056E-031
   719.50000000000000        2.9196965198023347E-031
   720.50000000000000        2.9035209547100331E-031
   721.50000000000000        2.8874572535078741E-031
   722.50000000000000        2.8715044891501534E-031
   723.50000000000000        2.8556617435419156E-031
   724.50000000000000        2.8399281074403300E-031
   725.50000000000000        2.8243026803572762E-031
   726.50000000000000        2.8087845704631411E-031
   727.50000000000000        2.7933728944918003E-031
   728.50000000000000        2.7780667776467729E-031
   729.50000000000000        2.7628653535085313E-031
   730.50000000000000        2.7477677639429482E-031
   731.50000000000000        2.7327731590108712E-031
   732.50000000000000        2.7178806968788062E-031
   733.50000000000000        2.7030895437306882E-031
   734.50000000000000        2.6883988736807413E-031
   735.50000000000000        2.6738078686873930E-031
   736.50000000000000        2.6593157184682444E-031
   737.50000000000000        2.6449216204160738E-031
   738.50000000000000        2.6306247795158618E-031
   739.50000000000000        2.6164244082628257E-031
   740.50000000000000        2.6023197265814455E-031
   741.50000000000000        2.5883099617454725E-031
   742.50000000000000        2.5743943482989065E-031
   743.50000000000000        2.5605721279779236E-031
   744.50000000000000        2.5468425496337517E-031
   745.50000000000000        2.5332048691564706E-031
   746.50000000000000        2.5196583493997295E-031
   747.50000000000000        2.5062022601063732E-031
   748.50000000000000        2.4928358778349541E-031
   749.50000000000000        2.4795584858871289E-031
   750.50000000000000        2.4663693742359273E-031
   751.50000000000000        2.4532678394548702E-031
   752.50000000000000        2.4402531846479409E-031
   753.50000000000000        2.4273247193803865E-031
   754.50000000000000        2.4144817596103465E-031
   755.50000000000000        2.4017236276212932E-031
   756.50000000000000        2.3890496519552705E-031
   757.50000000000000        2.3764591673469327E-031
   758.50000000000000        2.3639515146583554E-031
   759.50000000000000        2.3515260408146237E-031
   760.50000000000000        2.3391820987401757E-031
   761.50000000000000        2.3269190472959045E-031
   762.50000000000000        2.3147362512169925E-031
   763.50000000000000        2.3026330810514833E-031
   764.50000000000000        2.2906089130995737E-031
   765.50000000000000        2.2786631293536147E-031
   766.50000000000000        2.2667951174388218E-031
   767.50000000000000        2.2550042705546739E-031
   768.50000000000000        2.2432899874169995E-031
   769.50000000000000        2.2316516722007395E-031
   770.50000000000000        2.2200887344833732E-031
   771.50000000000000        2.2086005891890109E-031
   772.50000000000000        2.1971866565331281E-031
   773.50000000000000        2.1858463619679448E-031
   774.50000000000000        2.1745791361284428E-031
   775.50000000000000        2.1633844147789993E-031
   776.50000000000000        2.1522616387606455E-031
   777.50000000000000        2.1412102539389316E-031
   778.50000000000000        2.1302297111523912E-031
   779.50000000000000        2.1193194661616055E-031
   780.50000000000000        2.1084789795988467E-031
   781.50000000000000        2.0977077169183049E-031
   782.50000000000000        2.0870051483468860E-031
   783.50000000000000        2.0763707488355707E-031
   784.50000000000000        2.0658039980113344E-031
   785.50000000000000        2.0553043801296142E-031
   786.50000000000000        2.0448713840273185E-031
   787.50000000000000        2.0345045030763760E-031
   788.50000000000000        2.0242032351378103E-031
   789.50000000000000        2.0139670825163380E-031
   790.50000000000000        2.0037955519154836E-031
   791.50000000000000        1.9936881543932043E-031
   792.50000000000000        1.9836444053180139E-031
   793.50000000000000        1.9736638243256093E-031
   794.50000000000000        1.9637459352759835E-031
   795.50000000000000        1.9538902662110227E-031
   796.50000000000000        1.9440963493125838E-031
   797.50000000000000        1.9343637208610426E-031
   798.50000000000000        1.9246919211943088E-031
   799.50000000000000        1.9150804946673024E-031
   800.50000000000000        1.9055289896118819E-031
   801.50000000000000        1.8960369582972254E-031
   802.50000000000000        1.8866039568906526E-031
   803.50000000000000        1.8772295454188859E-031
   804.50000000000000        1.8679132877297438E-031
   805.50000000000000        1.8586547514542613E-031
   806.50000000000000        1.8494535079692331E-031
   807.50000000000000        1.8403091323601716E-031
   808.50000000000000        1.8312212033846792E-031
   809.50000000000000        1.8221893034362242E-031
   810.50000000000000        1.8132130185083207E-031
   811.50000000000000        1.8042919381591036E-031
   812.50000000000000        1.7954256554762947E-031
   813.50000000000000        1.7866137670425583E-031
   814.50000000000000        1.7778558729012349E-031
   815.50000000000000        1.7691515765224576E-031
   816.50000000000000        1.7605004847696351E-031
   817.50000000000000        1.7519022078663093E-031
   818.50000000000000        1.7433563593633707E-031
   819.50000000000000        1.7348625561066383E-031
   820.50000000000000        1.7264204182047918E-031
   821.50000000000000        1.7180295689976548E-031
   822.50000000000000        1.7096896350248233E-031
   823.50000000000000        1.7014002459946404E-031
   824.50000000000000        1.6931610347535037E-031
   825.50000000000000        1.6849716372555116E-031
   826.50000000000000        1.6768316925324351E-031
   827.50000000000000        1.6687408426640194E-031
   828.50000000000000        1.6606987327486060E-031
   829.50000000000000        1.6527050108740715E-031
   830.50000000000000        1.6447593280890836E-031
   831.50000000000000        1.6368613383746649E-031
   832.50000000000000        1.6290106986160671E-031
   833.50000000000000        1.6212070685749432E-031
   834.50000000000000        1.6134501108618240E-031
   835.50000000000000        1.6057394909088894E-031
   836.50000000000000        1.5980748769430293E-031
   837.50000000000000        1.5904559399591980E-031
   838.50000000000000        1.5828823536940499E-031
   839.50000000000000        1.5753537945998602E-031
   840.50000000000000        1.5678699418187239E-031
   841.50000000000000        1.5604304771570279E-031
   842.50000000000000        1.5530350850601988E-031
   843.50000000000000        1.5456834525877174E-031
   844.50000000000000        1.5383752693883996E-031
   845.50000000000000        1.5311102276759397E-031
   846.50000000000000        1.5238880222047142E-031
   847.50000000000000        1.5167083502458403E-031
   848.50000000000000        1.5095709115634900E-031
   849.50000000000000        1.5024754083914536E-031
   850.50000000000000        1.4954215454099504E-031
   851.50000000000000        1.4884090297226844E-031
   852.50000000000000        1.4814375708341434E-031
   853.50000000000000        1.4745068806271330E-031
   854.50000000000000        1.4676166733405523E-031
   855.50000000000000        1.4607666655473972E-031
   856.50000000000000        1.4539565761330007E-031
   857.50000000000000        1.4471861262734943E-031
   858.50000000000000        1.4404550394145004E-031
   859.50000000000000        1.4337630412500453E-031
   860.50000000000000        1.4271098597016917E-031
   861.50000000000000        1.4204952248978899E-031
   862.50000000000000        1.4139188691535433E-031
   863.50000000000000        1.4073805269497877E-031
   864.50000000000000        1.4008799349139795E-031
   865.50000000000000        1.3944168317998917E-031
   866.50000000000000        1.3879909584681170E-031
   867.50000000000000        1.3816020578666703E-031
   868.50000000000000        1.3752498750117963E-031
   869.50000000000000        1.3689341569689721E-031
   870.50000000000000        1.3626546528341070E-031
   871.50000000000000        1.3564111137149366E-031
   872.50000000000000        1.3502032927126070E-031
   873.50000000000000        1.3440309449034501E-031
   874.50000000000000        1.3378938273209457E-031
   875.50000000000000        1.3317916989378669E-031
   876.50000000000000        1.3257243206486128E-031
   877.50000000000000        1.3196914552517169E-031
   878.50000000000000        1.3136928674325369E-031
   879.50000000000000        1.3077283237461230E-031
   880.50000000000000        1.3017975926002583E-031
   881.50000000000000        1.2959004442386729E-031
   882.50000000000000        1.2900366507244286E-031
   883.50000000000000        1.2842059859234746E-031
   884.50000000000000        1.2784082254883669E-031
   885.50000000000000        1.2726431468421559E-031
   886.50000000000000        1.2669105291624355E-031
   887.50000000000000        1.2612101533655541E-031
   888.50000000000000        1.2555418020909852E-031
   889.50000000000000        1.2499052596858575E-031
   890.50000000000000        1.2443003121896375E-031
   891.50000000000000        1.2387267473189704E-031
   892.50000000000000        1.2331843544526711E-031
   893.50000000000000        1.2276729246168663E-031
   894.50000000000000        1.2221922504702878E-031
   895.50000000000000        1.2167421262897106E-031
   896.50000000000000        1.2113223479555391E-031
   897.50000000000000        1.2059327129375364E-031
   898.50000000000000        1.2005730202806972E-031
   899.50000000000000        1.1952430705912608E-031
   900.50000000000000        1.1899426660228638E-031
   901.50000000000000        1.1846716102628332E-031
   902.50000000000000        1.1794297085186110E-031
   903.50000000000000        1.1742167675043189E-031
   904.50000000000000        1.1690325954274543E-031
   905.50000000000000        1.1638770019757165E-031
   906.50000000000000        1.1587497983039675E-031
   907.50000000000000        1.1536507970213182E-031
   908.50000000000000        1.1485798121783453E-031
   909.50000000000000        1.1435366592544306E-031
   910.50000000000000        1.1385211551452303E-031
   911.50000000000000        1.1335331181502636E-031
   912.50000000000000        1.1285723679606260E-031
   913.50000000000000        1.1236387256468212E-031
   914.50000000000000        1.1187320136467160E-031
   915.50000000000000        1.1138520557536089E-031
   916.50000000000000        1.1089986771044196E-031
   917.50000000000000        1.1041717041679929E-031
   918.50000000000000        1.0993709647335158E-031
   919.50000000000000        1.0945962878990492E-031
   920.50000000000000        1.0898475040601709E-031
   921.50000000000000        1.0851244448987299E-031
   922.50000000000000        1.0804269433717103E-031
   923.50000000000000        1.0757548337002011E-031
   924.50000000000000        1.0711079513584781E-031
   925.50000000000000        1.0664861330631868E-031
   926.50000000000000        1.0618892167626335E-031
   927.50000000000000        1.0573170416261779E-031
   928.50000000000000        1.0527694480337305E-031
   929.50000000000000        1.0482462775653504E-031
   930.50000000000000        1.0437473729909426E-031
   931.50000000000000        1.0392725782600569E-031
   932.50000000000000        1.0348217384917832E-031
   933.50000000000000        1.0303946999647448E-031
   934.50000000000000        1.0259913101071887E-031
   935.50000000000000        1.0216114174871686E-031
   936.50000000000000        1.0172548718028259E-031
   937.50000000000000        1.0129215238727596E-031
   938.50000000000000        1.0086112256264919E-031
   939.50000000000000        1.0043238300950237E-031
   940.50000000000000        1.0000591914014787E-031
   941.50000000000000        9.9581716475184045E-032
   942.50000000000000        9.9159760642577378E-032
   943.50000000000000        9.8740037376753620E-032
   944.50000000000000        9.8322532517697587E-032
   945.50000000000000        9.7907232010061238E-032
   946.50000000000000        9.7494121902280592E-032
   947.50000000000000        9.7083188345700707E-032
   948.50000000000000        9.6674417593709187E-032
   949.50000000000000        9.6267796000877671E-032
   950.50000000000000        9.5863310022111669E-032
   951.50000000000000        9.5460946211808204E-032
   952.50000000000000        9.5060691223021553E-032
   953.50000000000000        9.4662531806636817E-032
   954.50000000000000        9.4266454810551197E-032
   955.50000000000000        9.3872447178863090E-032
   956.50000000000000        9.3480495951068688E-032
   957.50000000000000        9.3090588261266226E-032
   958.50000000000000        9.2702711337367553E-032
   959.50000000000000        9.2316852500317283E-032
   960.50000000000000        9.1932999163318990E-032
   961.50000000000000        9.1551138831068942E-032
   962.50000000000000        9.1171259098996682E-032
   963.50000000000000        9.0793347652512918E-032
   964.50000000000000        9.0417392266264321E-032
   965.50000000000000        9.0043380803395289E-032
   966.50000000000000        8.9671301214816531E-032
   967.50000000000000        8.9301141538480507E-032
   968.50000000000000        8.8932889898663529E-032
   969.50000000000000        8.8566534505254597E-032
   970.50000000000000        8.8202063653050696E-032
   971.50000000000000        8.7839465721058786E-032
   972.50000000000000        8.7478729171803984E-032
   973.50000000000000        8.7119842550644493E-032
   974.50000000000000        8.6762794485092482E-032
   975.50000000000000        8.6407573684141422E-032
   976.50000000000000        8.6054168937599629E-032
   977.50000000000000        8.5702569115429808E-032
   978.50000000000000        8.5352763167094794E-032
   979.50000000000000        8.5004740120909166E-032
   980.50000000000000        8.4658489083396947E-032
   981.50000000000000        8.4313999238655054E-032
   982.50000000000000        8.3971259847722662E-032
   983.50000000000000        8.3630260247956240E-032
   984.50000000000000        8.3290989852410414E-032
   985.50000000000000        8.2953438149224369E-032
   986.50000000000000        8.2617594701013884E-032
   987.50000000000000        8.2283449144268873E-032
   988.50000000000000        8.1950991188756473E-032
   989.50000000000000        8.1620210616929460E-032
   990.50000000000000        8.1291097283340074E-032
   991.50000000000000        8.0963641114059215E-032
   992.50000000000000        8.0637832106100776E-032
   993.50000000000000        8.0313660326851254E-032
   994.50000000000000        7.9991115913504583E-032
   995.50000000000000        7.9670189072501905E-032
   996.50000000000000        7.9350870078976508E-032
   997.50000000000000        7.9033149276203790E-032
   998.50000000000000        7.8717017075056058E-032
   999.50000000000000        7.8402463953462339E-032
