  0.50000000000000000        1.3130060551271643E-018
   1.5000000000000000        1.6209951297866226E-020
   2.5000000000000000        2.1008096882034629E-021
   3.5000000000000000        5.4685799880348375E-022
   4.5000000000000000        2.0012285552921267E-022
   5.5000000000000000        8.9680080262766495E-023
   6.5000000000000000        4.5971991706423602E-023
   7.5000000000000000        2.5935922076585963E-023
   8.5000000000000000        1.5720669713331550E-023
   9.5000000000000000        1.0075168661437254E-023
   10.500000000000000        6.7513333185615280E-024
   11.500000000000000        4.6919717093891328E-024
   12.500000000000000        3.3612955011255408E-024
   13.500000000000000        2.4706525373976874E-024
   14.500000000000000        1.8564135826173254E-024
   15.500000000000000        1.4217392513296010E-024
   16.500000000000000        1.1071614847255124E-024
   17.500000000000000        8.7497279808557383E-025
   18.500000000000000        7.0058338377928272E-025
   19.500000000000000        5.6755545316572347E-025
   20.500000000000000        4.6465573526110823E-025
   21.500000000000000        3.8405454284328467E-025
   22.500000000000000        3.2019656884674030E-025
   23.500000000000000        2.6907620705680645E-025
   24.500000000000000        2.2776259841877707E-025
   25.500000000000000        1.9408234213989569E-025
   26.500000000000000        1.6640380416950048E-025
   27.500000000000000        1.4348812842042642E-025
   28.500000000000000        1.2438479828934881E-025
   29.500000000000000        1.0835742659867643E-025
   30.500000000000000        9.4830357731766840E-026
   31.500000000000000        8.3349794056315149E-026
   32.500000000000000        7.3555186730277757E-026
   33.500000000000000        6.5157965908058635E-026
   34.500000000000000        5.7925576659125098E-026
   35.500000000000000        5.1669389959962289E-026
   36.500000000000000        4.6235471243700070E-026
   37.500000000000000        4.1497475322537541E-026
   38.500000000000000        3.7351137135679511E-026
   39.500000000000000        3.3709969823353241E-026
   40.500000000000000        3.0501883177749227E-026
   41.500000000000000        2.7666508790464042E-026
   42.500000000000000        2.5153071541330481E-026
   43.500000000000000        2.2918686205152164E-026
   44.500000000000000        2.0926986894318365E-026
   45.500000000000000        1.9147018619918200E-026
   46.500000000000000        1.7552336436167912E-026
   47.500000000000000        1.6120269858299606E-026
   48.500000000000000        1.4831319539657894E-026
   49.500000000000000        1.3668660305253240E-026
   50.500000000000000        1.2617730111641261E-026
   51.500000000000000        1.1665888738153585E-026
   52.500000000000000        1.0802133309698442E-026
   53.500000000000000        1.0016860328459226E-026
   54.500000000000000        9.3016659173334260E-027
   55.500000000000000        8.6491775775220099E-027
   56.500000000000000        8.0529120316590975E-027
   57.500000000000000        7.5071547350226122E-027
   58.500000000000000        7.0068574464904121E-027
   59.500000000000000        6.5475509010127229E-027
   60.500000000000000        6.1252701497689020E-027
   61.500000000000000        5.7364905587791143E-027
   62.500000000000000        5.3780728018008654E-027
   63.500000000000000        5.0472154647504901E-027
   64.500000000000000        4.7414141091763536E-027
   65.500000000000000        4.4584258313847365E-027
   66.500000000000000        4.1962385095532086E-027
   67.500000000000000        3.9530440598363000E-027
   68.500000000000000        3.7272151290965941E-027
   69.500000000000000        3.5172847405136604E-027
   70.500000000000000        3.3219284821827954E-027
   71.500000000000000        3.1399488905418755E-027
   72.500000000000000        2.9702617321877202E-027
   73.500000000000000        2.8118839310960133E-027
   74.500000000000000        2.6639229248546745E-027
   75.500000000000000        2.5255672644166274E-027
   76.500000000000000        2.3960782980234034E-027
   77.500000000000000        2.2747828021273614E-027
   78.500000000000000        2.1610664409919628E-027
   79.500000000000000        2.0543679527098827E-027
   80.500000000000000        1.9541739730900179E-027
   81.500000000000000        1.8600144205943671E-027
   82.500000000000000        1.7714583755608197E-027
   83.500000000000000        1.6881103955840958E-027
   84.500000000000000        1.6096072163587970E-027
   85.500000000000000        1.5356147936956643E-027
   86.500000000000000        1.4658256479559615E-027
   87.500000000000000        1.3999564769369183E-027
   88.500000000000000        1.3377460073910670E-027
   89.500000000000000        1.2789530589651833E-027
   90.500000000000000        1.2233547974776772E-027
   91.500000000000000        1.1707451571823068E-027
   92.500000000000000        1.1209334140468525E-027
   93.500000000000000        1.0737428941555598E-027
   94.500000000000000        1.0290098031643846E-027
   95.500000000000000        9.8658216433322062E-028
   96.500000000000000        9.4631885405916691E-028
   97.500000000000000        9.0808872506515758E-028
   98.500000000000000        8.7176980848095365E-028
   99.500000000000000        8.3724858700759155E-028
   100.50000000000000        8.0441933219825466E-028
   101.50000000000000        7.7318349963237201E-028
   102.50000000000000        7.4344917641777312E-028
   103.50000000000000        7.1513057603858145E-028
   104.50000000000000        6.8814757608341331E-028
   105.50000000000000        6.6242529484738781E-028
   106.50000000000000        6.3789370320941097E-028
   107.50000000000000        6.1448726854925536E-028
   108.50000000000000        5.9214462779242021E-028
   109.50000000000000        5.7080828695926020E-028
   110.50000000000000        5.5042434485247546E-028
   111.50000000000000        5.3094223874730411E-028
   112.50000000000000        5.1231451015478447E-028
   113.50000000000000        4.9449658891297955E-028
   114.50000000000000        4.7744659402650872E-028
   115.50000000000000        4.6112514982320378E-028
   116.50000000000000        4.4549521613009786E-028
   117.50000000000000        4.3052193129089036E-028
   118.50000000000000        4.1617246695497827E-028
   119.50000000000000        4.0241589366538776E-028
   120.50000000000000        3.8922305636062047E-028
   121.50000000000000        3.7656645898455833E-028
   122.50000000000000        3.6442015747004327E-028
   123.50000000000000        3.5275966042635951E-028
   124.50000000000000        3.4156183691930918E-028
   125.50000000000000        3.3080483078550783E-028
   126.50000000000000        3.2046798097050287E-028
   127.50000000000000        3.1053174742383305E-028
   128.50000000000000        3.0097764212364328E-028
   129.50000000000000        2.9178816483935146E-028
   130.50000000000000        2.8294674327348350E-028
   131.50000000000000        2.7443767725346754E-028
   132.50000000000000        2.6624608667120078E-028
   133.50000000000000        2.5835786289281930E-028
   134.50000000000000        2.5075962338354843E-028
   135.50000000000000        2.4343866931299148E-028
   136.50000000000000        2.3638294592491607E-028
   137.50000000000000        2.2958100547268223E-028
   138.50000000000000        2.2302197253707904E-028
   139.50000000000000        2.1669551155762855E-028
   140.50000000000000        2.1059179642150159E-028
   141.50000000000000        2.0470148196617616E-028
   142.50000000000000        1.9901567726295810E-028
   143.50000000000000        1.9352592055856237E-028
   144.50000000000000        1.8822415576120437E-028
   145.50000000000000        1.8310271036614686E-028
   146.50000000000000        1.7815427472345376E-028
   147.50000000000000        1.7337188255788229E-028
   148.50000000000000        1.6874889265744739E-028
   149.50000000000000        1.6427897165327310E-028
   150.50000000000000        1.5995607781894404E-028
   151.50000000000000        1.5577444582273163E-028
   152.50000000000000        1.5172857237082694E-028
   153.50000000000000        1.4781320268410328E-028
   154.50000000000000        1.4402331775498256E-028
   155.50000000000000        1.4035412233472389E-028
   156.50000000000000        1.3680103360490988E-028
   157.50000000000000        1.3335967049010423E-028
   158.50000000000000        1.3002584357161201E-028
   159.50000000000000        1.2679554556501094E-028
   160.50000000000000        1.2366494232665711E-028
   161.50000000000000        1.2063036435671573E-028
   162.50000000000000        1.1768829876844440E-028
   163.50000000000000        1.1483538169547439E-028
   164.50000000000000        1.1206839111070657E-028
   165.50000000000000        1.0938424003217759E-028
   166.50000000000000        1.0677997009286432E-028
   167.50000000000000        1.0425274545289382E-028
   168.50000000000000        1.0179984703401960E-028
   169.50000000000000        9.9418667057519730E-029
   170.50000000000000        9.7106703867877937E-029
   171.50000000000000        9.4861557025729711E-029
   172.50000000000000        9.2680922654600168E-029
   173.50000000000000        9.0562589026932341E-029
   174.50000000000000        8.8504432375811465E-029
   175.50000000000000        8.6504412919634725E-029
   176.50000000000000        8.4560571087764787E-029
   177.50000000000000        8.2671023935939656E-029
   178.50000000000000        8.0833961740897824E-029
   179.50000000000000        7.9047644764318314E-029
   180.50000000000000        7.7310400176773156E-029
   181.50000000000000        7.5620619132949420E-029
   182.50000000000000        7.3976753989920110E-029
   183.50000000000000        7.2377315660732407E-029
   184.50000000000000        7.0820871096038443E-029
   185.50000000000000        6.9306040886922321E-029
   186.50000000000000        6.7831496982476959E-029
   187.50000000000000        6.6395960516060073E-029
   188.50000000000000        6.4998199734509471E-029
   189.50000000000000        6.3637028024928087E-029
   190.50000000000000        6.2311302033956663E-029
   191.50000000000000        6.1019919874742998E-029
   192.50000000000000        5.9761819417087221E-029
   193.50000000000000        5.8535976656498194E-029
   194.50000000000000        5.7341404158135190E-029
   195.50000000000000        5.6177149571833833E-029
   196.50000000000000        5.5042294214626385E-029
   197.50000000000000        5.3935951717365189E-029
   198.50000000000000        5.2857266732243963E-029
   199.50000000000000        5.1805413698187759E-029
   200.50000000000000        5.0779595661246787E-029
   201.50000000000000        4.9779043147284790E-029
   202.50000000000000        4.8803013084398762E-029
   203.50000000000000        4.7850787772644139E-029
   204.50000000000000        4.6921673898769289E-029
   205.50000000000000        4.6015001593785115E-029
   206.50000000000000        4.5130123531310465E-029
   207.50000000000000        4.4266414064742472E-029
   208.50000000000000        4.3423268401403214E-029
   209.50000000000000        4.2600101811910319E-029
   210.50000000000000        4.1796348873110055E-029
   211.50000000000000        4.1011462742997482E-029
   212.50000000000000        4.0244914466128768E-029
   213.50000000000000        3.9496192308107810E-029
   214.50000000000000        3.8764801117800930E-029
   215.50000000000000        3.8050261716002171E-029
   216.50000000000000        3.7352110309335748E-029
   217.50000000000000        3.6669897928243460E-029
   218.50000000000000        3.6003189887962281E-029
   219.50000000000000        3.5351565271452012E-029
   220.50000000000000        3.4714616433284115E-029
   221.50000000000000        3.4091948523552087E-029
   222.50000000000000        3.3483179030909387E-029
   223.50000000000000        3.2887937343884870E-029
   224.50000000000000        3.2305864329667243E-029
   225.50000000000000        3.1736611929588705E-029
   226.50000000000000        3.1179842770575653E-029
   227.50000000000000        3.0635229791869116E-029
   228.50000000000000        3.0102455886351097E-029
   229.50000000000000        2.9581213555844485E-029
   230.50000000000000        2.9071204579784381E-029
   231.50000000000000        2.8572139696686918E-029
   232.50000000000000        2.8083738297868661E-029
   233.50000000000000        2.7605728132895441E-029
   234.50000000000000        2.7137845026263488E-029
   235.50000000000000        2.6679832604839046E-029
   236.50000000000000        2.6231442035604442E-029
   237.50000000000000        2.5792431773279371E-029
   238.50000000000000        2.5362567317405958E-029
   239.50000000000000        2.4941620978504956E-029
   240.50000000000000        2.4529371652928218E-029
   241.50000000000000        2.4125604606049604E-029
   242.50000000000000        2.3730111263452630E-029
   243.50000000000000        2.3342689009788416E-029
   244.50000000000000        2.2963140994992188E-029
   245.50000000000000        2.2591275947560447E-029
   246.50000000000000        2.2226907994604053E-029
   247.50000000000000        2.1869856488405183E-029
   248.50000000000000        2.1519945839217944E-029
   249.50000000000000        2.1177005354063984E-029
   250.50000000000000        2.0840869081285133E-029
   251.50000000000000        2.0511375660625609E-029
   252.50000000000000        2.0188368178626017E-029
   253.50000000000000        1.9871694029120950E-029
   254.50000000000000        1.9561204778640711E-029
   255.50000000000000        1.9256756036526478E-029
   256.50000000000000        1.8958207329576104E-029
   257.50000000000000        1.8665421981045738E-029
   258.50000000000000        1.8378266993839660E-029
   259.50000000000000        1.8096612937727920E-029
   260.50000000000000        1.7820333840438033E-029
   261.50000000000000        1.7549307082473425E-029
   262.50000000000000        1.7283413295517510E-029
   263.50000000000000        1.7022536264288035E-029
   264.50000000000000        1.6766562831712055E-029
   265.50000000000000        1.6515382807297122E-029
   266.50000000000000        1.6268888878579467E-029
   267.50000000000000        1.6026976525534763E-029
   268.50000000000000        1.5789543937841768E-029
   269.50000000000000        1.5556491934893592E-029
   270.50000000000000        1.5327723888455525E-029
   271.50000000000000        1.5103145647872561E-029
   272.50000000000000        1.4882665467733481E-029
   273.50000000000000        1.4666193937902262E-029
   274.50000000000000        1.4453643915830948E-029
   275.50000000000000        1.4244930461071702E-029
   276.50000000000000        1.4039970771908889E-029
   277.50000000000000        1.3838684124035216E-029
   278.50000000000000        1.3640991811198940E-029
   279.50000000000000        1.3446817087751991E-029
   280.50000000000000        1.3256085113031601E-029
   281.50000000000000        1.3068722897510666E-029
   282.50000000000000        1.2884659250654558E-029
   283.50000000000000        1.2703824730424503E-029
   284.50000000000000        1.2526151594369974E-029
   285.50000000000000        1.2351573752254729E-029
   286.50000000000000        1.2180026720163217E-029
   287.50000000000000        1.2011447576036181E-029
   288.50000000000000        1.1845774916586124E-029
   289.50000000000000        1.1682948815545272E-029
   290.50000000000000        1.1522910783200351E-029
   291.50000000000000        1.1365603727170309E-029
   292.50000000000000        1.1210971914384660E-029
   293.50000000000000        1.1058960934221807E-029
   294.50000000000000        1.0909517662768095E-029
   295.50000000000000        1.0762590228159921E-029
   296.50000000000000        1.0618127976972506E-029
   297.50000000000000        1.0476081441620358E-029
   298.50000000000000        1.0336402308735698E-029
   299.50000000000000        1.0199043388492343E-029
   300.50000000000000        1.0063958584843762E-029
   301.50000000000000        9.9311028666451203E-030
   302.50000000000000        9.8004322396302449E-030
   303.50000000000000        9.6719037192154703E-030
   304.50000000000000        9.5454753041033591E-030
   305.50000000000000        9.4211059506602174E-030
   306.50000000000000        9.2987555480423209E-030
   307.50000000000000        9.1783848940465819E-030
   308.50000000000000        9.0599556716623177E-030
   309.50000000000000        8.9434304263015651E-030
   310.50000000000000        8.8287725436861921E-030
   311.50000000000000        8.7159462283708311E-030
   312.50000000000000        8.6049164828813836E-030
   313.50000000000000        8.4956490874495459E-030
   314.50000000000000        8.3881105803245023E-030
   315.50000000000000        8.2822682386435801E-030
   316.50000000000000        8.1780900598442940E-030
   317.50000000000000        8.0755447436007845E-030
   318.50000000000000        7.9746016742683043E-030
   319.50000000000000        7.8752309038198879E-030
   320.50000000000000        7.7774031352599346E-030
   321.50000000000000        7.6810897064999499E-030
   322.50000000000000        7.5862625746821659E-030
   323.50000000000000        7.4928943009372652E-030
   324.50000000000000        7.4009580355629011E-030
   325.50000000000000        7.3104275036101270E-030
   326.50000000000000        7.2212769908653222E-030
   327.50000000000000        7.1334813302155786E-030
   328.50000000000000        7.0470158883859281E-030
   329.50000000000000        6.9618565530371785E-030
   330.50000000000000        6.8779797202135145E-030
   331.50000000000000        6.7953622821293256E-030
   332.50000000000000        6.7139816152851332E-030
   333.50000000000000        6.6338155689027888E-030
   334.50000000000000        6.5548424536704216E-030
   335.50000000000000        6.4770410307879824E-030
   336.50000000000000        6.4003905013044401E-030
   337.50000000000000        6.3248704957380791E-030
   338.50000000000000        6.2504610639715382E-030
   339.50000000000000        6.1771426654135336E-030
   340.50000000000000        6.1048961594195006E-030
   341.50000000000000        6.0337027959635621E-030
   342.50000000000000        5.9635442065545509E-030
   343.50000000000000        5.8944023953889970E-030
   344.50000000000000        5.8262597307342357E-030
   345.50000000000000        5.7590989365349993E-030
   346.50000000000000        5.6929030842370841E-030
   347.50000000000000        5.6276555848218572E-030
   348.50000000000000        5.5633401810455834E-030
   349.50000000000000        5.4999409398777513E-030
   350.50000000000000        5.4374422451327193E-030
   351.50000000000000        5.3758287902892307E-030
   352.50000000000000        5.3150855714924735E-030
   353.50000000000000        5.2551978807335525E-030
   354.50000000000000        5.1961512992013874E-030
   355.50000000000000        5.1379316908022005E-030
   356.50000000000000        5.0805251958419275E-030
   357.50000000000000        5.0239182248670004E-030
   358.50000000000000        4.9680974526591083E-030
   359.50000000000000        4.9130498123796706E-030
   360.50000000000000        4.8587624898598859E-030
   361.50000000000000        4.8052229180323512E-030
   362.50000000000000        4.7524187715003529E-030
   363.50000000000000        4.7003379612410632E-030
   364.50000000000000        4.6489686294389921E-030
   365.50000000000000        4.5982991444461234E-030
   366.50000000000000        4.5483180958653159E-030
   367.50000000000000        4.4990142897536207E-030
   368.50000000000000        4.4503767439422600E-030
   369.50000000000000        4.4023946834701513E-030
   370.50000000000000        4.3550575361278952E-030
   371.50000000000000        4.3083549281092901E-030
   372.50000000000000        4.2622766797674798E-030
   373.50000000000000        4.2168128014729537E-030
   374.50000000000000        4.1719534895706899E-030
   375.50000000000000        4.1276891224338144E-030
   376.50000000000000        4.0840102566112075E-030
   377.50000000000000        4.0409076230666039E-030
   378.50000000000000        3.9983721235067555E-030
   379.50000000000000        3.9563948267963316E-030
   380.50000000000000        3.9149669654572890E-030
   381.50000000000000        3.8740799322504898E-030
   382.50000000000000        3.8337252768374452E-030
   383.50000000000000        3.7938947025200946E-030
   384.50000000000000        3.7545800630565925E-030
   385.50000000000000        3.7157733595511508E-030
   386.50000000000000        3.6774667374160252E-030
   387.50000000000000        3.6396524834037786E-030
   388.50000000000000        3.6023230227080427E-030
   389.50000000000000        3.5654709161310009E-030
   390.50000000000000        3.5290888573159135E-030
   391.50000000000000        3.4931696700430064E-030
   392.50000000000000        3.4577063055871399E-030
   393.50000000000000        3.4226918401356769E-030
   394.50000000000000        3.3881194722650311E-030
   395.50000000000000        3.3539825204744265E-030
   396.50000000000000        3.3202744207754224E-030
   397.50000000000000        3.2869887243358119E-030
   398.50000000000000        3.2541190951765284E-030
   399.50000000000000        3.2216593079202413E-030
   400.50000000000000        3.1896032455903618E-030
   401.50000000000000        3.1579448974591949E-030
   402.50000000000000        3.1266783569440290E-030
   403.50000000000000        3.0957978195499804E-030
   404.50000000000000        3.0652975808584407E-030
   405.50000000000000        3.0351720345599987E-030
   406.50000000000000        3.0054156705307586E-030
   407.50000000000000        2.9760230729509872E-030
   408.50000000000000        2.9469889184650565E-030
   409.50000000000000        2.9183079743816795E-030
   410.50000000000000        2.8899750969134624E-030
   411.50000000000000        2.8619852294548172E-030
   412.50000000000000        2.8343334008973120E-030
   413.50000000000000        2.8070147239815545E-030
   414.50000000000000        2.7800243936847318E-030
   415.50000000000000        2.7533576856429511E-030
   416.50000000000000        2.7270099546075485E-030
   417.50000000000000        2.7009766329345533E-030
   418.50000000000000        2.6752532291065254E-030
   419.50000000000000        2.6498353262859868E-030
   420.50000000000000        2.6247185808997066E-030
   421.50000000000000        2.5998987212531059E-030
   422.50000000000000        2.5753715461740747E-030
   423.50000000000000        2.5511329236855070E-030
   424.50000000000000        2.5271787897058783E-030
   425.50000000000000        2.5035051467772153E-030
   426.50000000000000        2.4801080628198110E-030
   427.50000000000000        2.4569836699130631E-030
   428.50000000000000        2.4341281631018326E-030
   429.50000000000000        2.4115377992277251E-030
   430.50000000000000        2.3892088957847202E-030
   431.50000000000000        2.3671378297985874E-030
   432.50000000000000        2.3453210367295384E-030
   433.50000000000000        2.3237550093975848E-030
   434.50000000000000        2.3024362969300758E-030
   435.50000000000000        2.2813615037309139E-030
   436.50000000000000        2.2605272884709485E-030
   437.50000000000000        2.2399303630990692E-030
   438.50000000000000        2.2195674918735240E-030
   439.50000000000000        2.1994354904130090E-030
   440.50000000000000        2.1795312247670791E-030
   441.50000000000000        2.1598516105054398E-030
   442.50000000000000        2.1403936118257068E-030
   443.50000000000000        2.1211542406792049E-030
   444.50000000000000        2.1021305559144065E-030
   445.50000000000000        2.0833196624376222E-030
   446.50000000000000        2.0647187103905469E-030
   447.50000000000000        2.0463248943442931E-030
   448.50000000000000        2.0281354525095447E-030
   449.50000000000000        2.0101476659624690E-030
   450.50000000000000        1.9923588578860463E-030
   451.50000000000000        1.9747663928264696E-030
   452.50000000000000        1.9573676759642835E-030
   453.50000000000000        1.9401601523999447E-030
   454.50000000000000        1.9231413064534767E-030
   455.50000000000000        1.9063086609779251E-030
   456.50000000000000        1.8896597766862950E-030
   457.50000000000000        1.8731922514916909E-030
   458.50000000000000        1.8569037198603650E-030
   459.50000000000000        1.8407918521773982E-030
   460.50000000000000        1.8248543541247317E-030
   461.50000000000000        1.8090889660712962E-030
   462.50000000000000        1.7934934624749637E-030
   463.50000000000000        1.7780656512960807E-030
   464.50000000000000        1.7628033734223205E-030
   465.50000000000000        1.7477045021046264E-030
   466.50000000000000        1.7327669424039983E-030
   467.50000000000000        1.7179886306488954E-030
   468.50000000000000        1.7033675339030304E-030
   469.50000000000000        1.6889016494433320E-030
   470.50000000000000        1.6745890042478614E-030
   471.50000000000000        1.6604276544934740E-030
   472.50000000000000        1.6464156850630154E-030
   473.50000000000000        1.6325512090618594E-030
   474.50000000000000        1.6188323673435829E-030
   475.50000000000000        1.6052573280445926E-030
   476.50000000000000        1.5918242861275129E-030
   477.50000000000000        1.5785314629331530E-030
   478.50000000000000        1.5653771057408757E-030
   479.50000000000000        1.5523594873371906E-030
   480.50000000000000        1.5394769055924023E-030
   481.50000000000000        1.5267276830451496E-030
   482.50000000000000        1.5141101664946674E-030
   483.50000000000000        1.5016227266006149E-030
   484.50000000000000        1.4892637574903176E-030
   485.50000000000000        1.4770316763732625E-030
   486.50000000000000        1.4649249231627074E-030
   487.50000000000000        1.4529419601042520E-030
   488.50000000000000        1.4410812714112315E-030
   489.50000000000000        1.4293413629067936E-030
   490.50000000000000        1.4177207616725234E-030
   491.50000000000000        1.4062180157034808E-030
   492.50000000000000        1.3948316935695257E-030
   493.50000000000000        1.3835603840827970E-030
   494.50000000000000        1.3724026959712288E-030
   495.50000000000000        1.3613572575579764E-030
   496.50000000000000        1.3504227164466369E-030
   497.50000000000000        1.3395977392121467E-030
   498.50000000000000        1.3288810110972419E-030
   499.50000000000000        1.3182712357143743E-030
   500.50000000000000        1.3077671347529677E-030
   501.50000000000000        1.2973674476919148E-030
   502.50000000000000        1.2870709315172076E-030
   503.50000000000000        1.2768763604445983E-030
   504.50000000000000        1.2667825256471959E-030
   505.50000000000000        1.2567882349878961E-030
   506.50000000000000        1.2468923127565526E-030
   507.50000000000000        1.2370935994117952E-030
   508.50000000000000        1.2273909513274040E-030
   509.50000000000000        1.2177832405431512E-030
   510.50000000000000        1.2082693545200214E-030
   511.50000000000000        1.1988481958997276E-030
   512.50000000000000        1.1895186822684370E-030
   513.50000000000000        1.1802797459246260E-030
   514.50000000000000        1.1711303336509841E-030
   515.50000000000000        1.1620694064902899E-030
   516.50000000000000        1.1530959395251786E-030
   517.50000000000000        1.1442089216617303E-030
   518.50000000000000        1.1354073554168035E-030
   519.50000000000000        1.1266902567090419E-030
   520.50000000000000        1.1180566546534856E-030
   521.50000000000000        1.1095055913597146E-030
   522.50000000000000        1.1010361217334613E-030
   523.50000000000000        1.0926473132816230E-030
   524.50000000000000        1.0843382459206106E-030
   525.50000000000000        1.0761080117879710E-030
   526.50000000000000        1.0679557150572188E-030
   527.50000000000000        1.0598804717558203E-030
   528.50000000000000        1.0518814095862673E-030
   529.50000000000000        1.0439576677501826E-030
   530.50000000000000        1.0361083967754036E-030
   531.50000000000000        1.0283327583459836E-030
   532.50000000000000        1.0206299251350576E-030
   533.50000000000000        1.0129990806405228E-030
   534.50000000000000        1.0054394190234754E-030
   535.50000000000000        9.9795014494935595E-031
   536.50000000000000        9.9053047343175173E-031
   537.50000000000000        9.8317962967880867E-031
   538.50000000000000        9.7589684894220132E-031
   539.50000000000000        9.6868137636861602E-031
   540.50000000000000        9.6153246685370075E-031
   541.50000000000000        9.5444938489843396E-031
   542.50000000000000        9.4743140446787227E-031
   543.50000000000000        9.4047780885222840E-031
   544.50000000000000        9.3358789053023980E-031
   545.50000000000000        9.2676095103478556E-031
   546.50000000000000        9.1999630082071085E-031
   547.50000000000000        9.1329325913481621E-031
   548.50000000000000        9.0665115388797659E-031
   549.50000000000000        9.0006932152934718E-031
   550.50000000000000        8.9354710692262226E-031
   551.50000000000000        8.8708386322430562E-031
   552.50000000000000        8.8067895176396070E-031
   553.50000000000000        8.7433174192640058E-031
   554.50000000000000        8.6804161103578663E-031
   555.50000000000000        8.6180794424159974E-031
   556.50000000000000        8.5563013440644835E-031
   557.50000000000000        8.4950758199568679E-031
   558.50000000000000        8.4343969496880357E-031
   559.50000000000000        8.3742588867255525E-031
   560.50000000000000        8.3146558573580945E-031
   561.50000000000000        8.2555821596607057E-031
   562.50000000000000        8.1970321624765512E-031
   563.50000000000000        8.1390003044149027E-031
   564.50000000000000        8.0814810928650470E-031
   565.50000000000000        8.0244691030258620E-031
   566.50000000000000        7.9679589769507440E-031
   567.50000000000000        7.9119454226076734E-031
   568.50000000000000        7.8564232129540845E-031
   569.50000000000000        7.8013871850263560E-031
   570.50000000000000        7.7468322390435952E-031
   571.50000000000000        7.6927533375255143E-031
   572.50000000000000        7.6391455044241410E-031
   573.50000000000000        7.5860038242691046E-031
   574.50000000000000        7.5333234413262960E-031
   575.50000000000000        7.4810995587696334E-031
   576.50000000000000        7.4293274378657344E-031
   577.50000000000000        7.3780023971712613E-031
   578.50000000000000        7.3271198117427135E-031
   579.50000000000000        7.2766751123584716E-031
   580.50000000000000        7.2266637847528634E-031
   581.50000000000000        7.1770813688620540E-031
   582.50000000000000        7.1279234580815656E-031
   583.50000000000000        7.0791856985352092E-031
   584.50000000000000        7.0308637883552510E-031
   585.50000000000000        6.9829534769736144E-031
   586.50000000000000        6.9354505644239291E-031
   587.50000000000000        6.8883509006542446E-031
   588.50000000000000        6.8416503848502330E-031
   589.50000000000000        6.7953449647686891E-031
   590.50000000000000        6.7494306360811715E-031
   591.50000000000000        6.7039034417276005E-031
   592.50000000000000        6.6587594712796524E-031
   593.50000000000000        6.6139948603137801E-031
   594.50000000000000        6.5696057897937054E-031
   595.50000000000000        6.5255884854622181E-031
   596.50000000000000        6.4819392172421225E-031
   597.50000000000000        6.4386542986462040E-031
   598.50000000000000        6.3957300861960195E-031
   599.50000000000000        6.3531629788494129E-031
   600.50000000000000        6.3109494174365770E-031
   601.50000000000000        6.2690858841045419E-031
   602.50000000000000        6.2275689017699275E-031
   603.50000000000000        6.1863950335798525E-031
   604.50000000000000        6.1455608823808387E-031
   605.50000000000000        6.1050630901955912E-031
   606.50000000000000        6.0648983377075318E-031
   607.50000000000000        6.0250633437529344E-031
   608.50000000000000        5.9855548648205703E-031
   609.50000000000000        5.9463696945587128E-031
   610.50000000000000        5.9075046632893994E-031
   611.50000000000000        5.8689566375298127E-031
   612.50000000000000        5.8307225195206929E-031
   613.50000000000000        5.7927992467616396E-031
   614.50000000000000        5.7551837915532121E-031
   615.50000000000000        5.7178731605456957E-031
   616.50000000000000        5.6808643942944585E-031
   617.50000000000000        5.6441545668217515E-031
   618.50000000000000        5.6077407851848894E-031
   619.50000000000000        5.5716201890506751E-031
   620.50000000000000        5.5357899502759876E-031
   621.50000000000000        5.5002472724944323E-031
   622.50000000000000        5.4649893907089467E-031
   623.50000000000000        5.4300135708902775E-031
   624.50000000000000        5.3953171095812237E-031
   625.50000000000000        5.3608973335065702E-031
   626.50000000000000        5.3267515991886008E-031
   627.50000000000000        5.2928772925681247E-031
   628.50000000000000        5.2592718286309034E-031
   629.50000000000000        5.2259326510394148E-031
   630.50000000000000        5.1928572317698596E-031
   631.50000000000000        5.1600430707543275E-031
   632.50000000000000        5.1274876955280465E-031
   633.50000000000000        5.0951886608816206E-031
   634.50000000000000        5.0631435485182072E-031
   635.50000000000000        5.0313499667155181E-031
   636.50000000000000        4.9998055499926054E-031
   637.50000000000000        4.9685079587813288E-031
   638.50000000000000        4.9374548791024520E-031
   639.50000000000000        4.9066440222462731E-031
   640.50000000000000        4.8760731244577539E-031
   641.50000000000000        4.8457399466260318E-031
   642.50000000000000        4.8156422739782917E-031
   643.50000000000000        4.7857779157778936E-031
   644.50000000000000        4.7561447050267144E-031
   645.50000000000000        4.7267404981716338E-031
   646.50000000000000        4.6975631748150841E-031
   647.50000000000000        4.6686106374296230E-031
   648.50000000000000        4.6398808110764616E-031
   649.50000000000000        4.6113716431278702E-031
   650.50000000000000        4.5830811029934344E-031
   651.50000000000000        4.5550071818500646E-031
   652.50000000000000        4.5271478923757354E-031
   653.50000000000000        4.4995012684868806E-031
   654.50000000000000        4.4720653650793826E-031
   655.50000000000000        4.4448382577731215E-031
   656.50000000000000        4.4178180426600124E-031
   657.50000000000000        4.3910028360554808E-031
   658.50000000000000        4.3643907742533349E-031
   659.50000000000000        4.3379800132839662E-031
   660.50000000000000        4.3117687286758478E-031
   661.50000000000000        4.2857551152202608E-031
   662.50000000000000        4.2599373867392126E-031
   663.50000000000000        4.2343137758565005E-031
   664.50000000000000        4.2088825337718634E-031
   665.50000000000000        4.1836419300381826E-031
   666.50000000000000        4.1585902523416865E-031
   667.50000000000000        4.1337258062851095E-031
   668.50000000000000        4.1090469151737637E-031
   669.50000000000000        4.0845519198044832E-031
   670.50000000000000        4.0602391782573918E-031
   671.50000000000000        4.0361070656904540E-031
   672.50000000000000        4.0121539741367744E-031
   673.50000000000000        3.9883783123045978E-031
   674.50000000000000        3.9647785053799682E-031
   675.50000000000000        3.9413529948320161E-031
   676.50000000000000        3.9181002382208277E-031
   677.50000000000000        3.8950187090078632E-031
   678.50000000000000        3.8721068963688818E-031
   679.50000000000000        3.8493633050093392E-031
   680.50000000000000        3.8267864549822240E-031
   681.50000000000000        3.8043748815082894E-031
   682.50000000000000        3.7821271347986567E-031
   683.50000000000000        3.7600417798797438E-031
   684.50000000000000        3.7381173964204931E-031
   685.50000000000000        3.7163525785618641E-031
   686.50000000000000        3.6947459347485540E-031
   687.50000000000000        3.6732960875629159E-031
   688.50000000000000        3.6520016735610477E-031
   689.50000000000000        3.6308613431110102E-031
   690.50000000000000        3.6098737602331538E-031
   691.50000000000000        3.5890376024425166E-031
   692.50000000000000        3.5683515605932651E-031
   693.50000000000000        3.5478143387251536E-031
   694.50000000000000        3.5274246539119647E-031
   695.50000000000000        3.5071812361119101E-031
   696.50000000000000        3.4870828280199564E-031
   697.50000000000000        3.4671281849220568E-031
   698.50000000000000        3.4473160745512533E-031
   699.50000000000000        3.4276452769456291E-031
   700.50000000000000        3.4081145843080791E-031
   701.50000000000000        3.3887228008678798E-031
   702.50000000000000        3.3694687427440255E-031
   703.50000000000000        3.3503512378103071E-031
   704.50000000000000        3.3313691255621195E-031
   705.50000000000000        3.3125212569849551E-031
   706.50000000000000        3.2938064944245736E-031
   707.50000000000000        3.2752237114588182E-031
   708.50000000000000        3.2567717927710602E-031
   709.50000000000000        3.2384496340252398E-031
   710.50000000000000        3.2202561417424906E-031
   711.50000000000000        3.2021902331793210E-031
   712.50000000000000        3.1842508362073295E-031
   713.50000000000000        3.1664368891944358E-031
   714.50000000000000        3.1487473408876023E-031
   715.50000000000000        3.1311811502970317E-031
   716.50000000000000        3.1137372865818130E-031
   717.50000000000000        3.0964147289369976E-031
   718.50000000000000        3.0792124664820934E-031
   719.50000000000000        3.0621294981509419E-031
   720.50000000000000        3.0451648325829773E-031
   721.50000000000000        3.0283174880158293E-031
   722.50000000000000        3.0115864921792698E-031
   723.50000000000000        2.9949708821904725E-031
   724.50000000000000        2.9784697044505681E-031
   725.50000000000000        2.9620820145424871E-031
   726.50000000000000        2.9458068771300558E-031
   727.50000000000000        2.9296433658583497E-031
   728.50000000000000        2.9135905632552641E-031
   729.50000000000000        2.8976475606343043E-031
   730.50000000000000        2.8818134579985699E-031
   731.50000000000000        2.8660873639459114E-031
   732.50000000000000        2.8504683955752597E-031
   733.50000000000000        2.8349556783940971E-031
   734.50000000000000        2.8195483462270573E-031
   735.50000000000000        2.8042455411256474E-031
   736.50000000000000        2.7890464132790673E-031
   737.50000000000000        2.7739501209261165E-031
   738.50000000000000        2.7589558302681703E-031
   739.50000000000000        2.7440627153832165E-031
   740.50000000000000        2.7292699581409302E-031
   741.50000000000000        2.7145767481187825E-031
   742.50000000000000        2.6999822825191584E-031
   743.50000000000000        2.6854857660874819E-031
   744.50000000000000        2.6710864110313242E-031
   745.50000000000000        2.6567834369404869E-031
   746.50000000000000        2.6425760707080512E-031
   747.50000000000000        2.6284635464523698E-031
   748.50000000000000        2.6144451054399982E-031
   749.50000000000000        2.6005199960095497E-031
   750.50000000000000        2.5866874734964617E-031
   751.50000000000000        2.5729468001586587E-031
   752.50000000000000        2.5592972451031047E-031
   753.50000000000000        2.5457380842132331E-031
   754.50000000000000        2.5322686000772352E-031
   755.50000000000000        2.5188880819172077E-031
   756.50000000000000        2.5055958255191348E-031
   757.50000000000000        2.4923911331637058E-031
   758.50000000000000        2.4792733135579503E-031
   759.50000000000000        2.4662416817676809E-031
   760.50000000000000        2.4532955591507342E-031
   761.50000000000000        2.4404342732910013E-031
   762.50000000000000        2.4276571579332314E-031
   763.50000000000000        2.4149635529186068E-031
   764.50000000000000        2.4023528041210714E-031
   765.50000000000000        2.3898242633844096E-031
   766.50000000000000        2.3773772884600591E-031
   767.50000000000000        2.3650112429456525E-031
   768.50000000000000        2.3527254962242800E-031
   769.50000000000000        2.3405194234044575E-031
   770.50000000000000        2.3283924052607955E-031
   771.50000000000000        2.3163438281753619E-031
   772.50000000000000        2.3043730840797206E-031
   773.50000000000000        2.2924795703976484E-031
   774.50000000000000        2.2806626899885144E-031
   775.50000000000000        2.2689218510913160E-031
   776.50000000000000        2.2572564672693590E-031
   777.50000000000000        2.2456659573555821E-031
   778.50000000000000        2.2341497453985088E-031
   779.50000000000000        2.2227072606088223E-031
   780.50000000000000        2.2113379373065565E-031
   781.50000000000000        2.2000412148688929E-031
   782.50000000000000        2.1888165376785583E-031
   783.50000000000000        2.1776633550728109E-031
   784.50000000000000        2.1665811212930157E-031
   785.50000000000000        2.1555692954347905E-031
   786.50000000000000        2.1446273413987265E-031
   787.50000000000000        2.1337547278416678E-031
   788.50000000000000        2.1229509281285476E-031
   789.50000000000000        2.1122154202847710E-031
   790.50000000000000        2.1015476869491400E-031
   791.50000000000000        2.0909472153273135E-031
   792.50000000000000        2.0804134971457920E-031
   793.50000000000000        2.0699460286064264E-031
   794.50000000000000        2.0595443103414390E-031
   795.50000000000000        2.0492078473689543E-031
   796.50000000000000        2.0389361490490278E-031
   797.50000000000000        2.0287287290401751E-031
   798.50000000000000        2.0185851052563866E-031
   799.50000000000000        2.0085047998246259E-031
   800.50000000000000        1.9984873390428042E-031
   801.50000000000000        1.9885322533382290E-031
   802.50000000000000        1.9786390772265141E-031
   803.50000000000000        1.9688073492709507E-031
   804.50000000000000        1.9590366120423331E-031
   805.50000000000000        1.9493264120792306E-031
   806.50000000000000        1.9396762998487026E-031
   807.50000000000000        1.9300858297074516E-031
   808.50000000000000        1.9205545598634063E-031
   809.50000000000000        1.9110820523377322E-031
   810.50000000000000        1.9016678729272634E-031
   811.50000000000000        1.8923115911673486E-031
   812.50000000000000        1.8830127802951107E-031
   813.50000000000000        1.8737710172131082E-031
   814.50000000000000        1.8645858824534022E-031
   815.50000000000000        1.8554569601420152E-031
   816.50000000000000        1.8463838379637825E-031
   817.50000000000000        1.8373661071275902E-031
   818.50000000000000        1.8284033623319944E-031
   819.50000000000000        1.8194952017312169E-031
   820.50000000000000        1.8106412269015139E-031
   821.50000000000000        1.8018410428079111E-031
   822.50000000000000        1.7930942577713051E-031
   823.50000000000000        1.7844004834359194E-031
   824.50000000000000        1.7757593347371193E-031
   825.50000000000000        1.7671704298695740E-031
   826.50000000000000        1.7586333902557655E-031
   827.50000000000000        1.7501478405148416E-031
   828.50000000000000        1.7417134084318018E-031
   829.50000000000000        1.7333297249270232E-031
   830.50000000000000        1.7249964240261098E-031
   831.50000000000000        1.7167131428300731E-031
   832.50000000000000        1.7084795214858290E-031
   833.50000000000000        1.7002952031570185E-031
   834.50000000000000        1.6921598339951377E-031
   835.50000000000000        1.6840730631109803E-031
   836.50000000000000        1.6760345425463880E-031
   837.50000000000000        1.6680439272463009E-031
   838.50000000000000        1.6601008750311103E-031
   839.50000000000000        1.6522050465693045E-031
   840.50000000000000        1.6443561053504106E-031
   841.50000000000000        1.6365537176582223E-031
   842.50000000000000        1.6287975525443133E-031
   843.50000000000000        1.6210872818018344E-031
   844.50000000000000        1.6134225799395884E-031
   845.50000000000000        1.6058031241563802E-031
   846.50000000000000        1.5982285943156405E-031
   847.50000000000000        1.5906986729203158E-031
   848.50000000000000        1.5832130450880273E-031
   849.50000000000000        1.5757713985264910E-031
   850.50000000000000        1.5683734235091977E-031
   851.50000000000000        1.5610188128513487E-031
   852.50000000000000        1.5537072618860469E-031
   853.50000000000000        1.5464384684407375E-031
   854.50000000000000        1.5392121328138957E-031
   855.50000000000000        1.5320279577519603E-031
   856.50000000000000        1.5248856484265097E-031
   857.50000000000000        1.5177849124116755E-031
   858.50000000000000        1.5107254596617930E-031
   859.50000000000000        1.5037070024892862E-031
   860.50000000000000        1.4967292555427829E-031
   861.50000000000000        1.4897919357854581E-031
   862.50000000000000        1.4828947624736025E-031
   863.50000000000000        1.4760374571354160E-031
   864.50000000000000        1.4692197435500189E-031
   865.50000000000000        1.4624413477266820E-031
   866.50000000000000        1.4557019978842738E-031
   867.50000000000000        1.4490014244309175E-031
   868.50000000000000        1.4423393599438608E-031
   869.50000000000000        1.4357155391495524E-031
   870.50000000000000        1.4291296989039258E-031
   871.50000000000000        1.4225815781728830E-031
   872.50000000000000        1.4160709180129833E-031
   873.50000000000000        1.4095974615523284E-031
   874.50000000000000        1.4031609539716429E-031
   875.50000000000000        1.3967611424855530E-031
   876.50000000000000        1.3903977763240508E-031
   877.50000000000000        1.3840706067141558E-031
   878.50000000000000        1.3777793868617569E-031
   879.50000000000000        1.3715238719336460E-031
   880.50000000000000        1.3653038190397291E-031
   881.50000000000000        1.3591189872154250E-031
   882.50000000000000        1.3529691374042367E-031
   883.50000000000000        1.3468540324405056E-031
   884.50000000000000        1.3407734370323372E-031
   885.50000000000000        1.3347271177447017E-031
   886.50000000000000        1.3287148429827061E-031
   887.50000000000000        1.3227363829750346E-031
   888.50000000000000        1.3167915097575559E-031
   889.50000000000000        1.3108799971570994E-031
   890.50000000000000        1.3050016207753911E-031
   891.50000000000000        1.2991561579731535E-031
   892.50000000000000        1.2933433878543653E-031
   893.50000000000000        1.2875630912506793E-031
   894.50000000000000        1.2818150507059972E-031
   895.50000000000000        1.2760990504611972E-031
   896.50000000000000        1.2704148764390185E-031
   897.50000000000000        1.2647623162290931E-031
   898.50000000000000        1.2591411590731287E-031
   899.50000000000000        1.2535511958502426E-031
   900.50000000000000        1.2479922190624357E-031
   901.50000000000000        1.2424640228202176E-031
   902.50000000000000        1.2369664028283706E-031
   903.50000000000000        1.2314991563718568E-031
   904.50000000000000        1.2260620823018666E-031
   905.50000000000000        1.2206549810220018E-031
   906.50000000000000        1.2152776544745999E-031
   907.50000000000000        1.2099299061271905E-031
   908.50000000000000        1.2046115409590890E-031
   909.50000000000000        1.1993223654481181E-031
   910.50000000000000        1.1940621875574655E-031
   911.50000000000000        1.1888308167226673E-031
   912.50000000000000        1.1836280638387219E-031
   913.50000000000000        1.1784537412473281E-031
   914.50000000000000        1.1733076627242522E-031
   915.50000000000000        1.1681896434668161E-031
   916.50000000000000        1.1630995000815083E-031
   917.50000000000000        1.1580370505717186E-031
   918.50000000000000        1.1530021143255897E-031
   919.50000000000000        1.1479945121039901E-031
   920.50000000000000        1.1430140660286027E-031
   921.50000000000000        1.1380605995701302E-031
   922.50000000000000        1.1331339375366151E-031
   923.50000000000000        1.1282339060618737E-031
   924.50000000000000        1.1233603325940429E-031
   925.50000000000000        1.1185130458842369E-031
   926.50000000000000        1.1136918759753147E-031
   927.50000000000000        1.1088966541907572E-031
   928.50000000000000        1.1041272131236499E-031
   929.50000000000000        1.0993833866257748E-031
   930.50000000000000        1.0946650097968045E-031
   931.50000000000000        1.0899719189736038E-031
   932.50000000000000        1.0853039517196314E-031
   933.50000000000000        1.0806609468144463E-031
   934.50000000000000        1.0760427442433124E-031
   935.50000000000000        1.0714491851869059E-031
   936.50000000000000        1.0668801120111186E-031
   937.50000000000000        1.0623353682569612E-031
   938.50000000000000        1.0578147986305610E-031
   939.50000000000000        1.0533182489932590E-031
   940.50000000000000        1.0488455663517960E-031
   941.50000000000000        1.0443965988485982E-031
   942.50000000000000        1.0399711957521516E-031
   943.50000000000000        1.0355692074474695E-031
   944.50000000000000        1.0311904854266498E-031
   945.50000000000000        1.0268348822795242E-031
   946.50000000000000        1.0225022516843927E-031
   947.50000000000000        1.0181924483988495E-031
   948.50000000000000        1.0139053282506933E-031
   949.50000000000000        1.0096407481289251E-031
   950.50000000000000        1.0053985659748302E-031
   951.50000000000000        1.0011786407731450E-031
   952.50000000000000        9.9698083254330656E-032
   953.50000000000000        9.9280500233078574E-032
   954.50000000000000        9.8865101219850001E-032
   955.50000000000000        9.8451872521830917E-032
   956.50000000000000        9.8040800546258971E-032
   957.50000000000000        9.7631871799588801E-032
   958.50000000000000        9.7225072886665289E-032
   959.50000000000000        9.6820390509904483E-032
   960.50000000000000        9.6417811468482153E-032
   961.50000000000000        9.6017322657530054E-032
   962.50000000000000        9.5618911067339543E-032
   963.50000000000000        9.5222563782572710E-032
   964.50000000000000        9.4828267981480865E-032
   965.50000000000000        9.4436010935130255E-032
   966.50000000000000        9.4045780006634976E-032
   967.50000000000000        9.3657562650397107E-032
   968.50000000000000        9.3271346411353763E-032
   969.50000000000000        9.2887118924231186E-032
   970.50000000000000        9.2504867912805753E-032
   971.50000000000000        9.2124581189171824E-032
   972.50000000000000        9.1746246653016309E-032
   973.50000000000000        9.1369852290900013E-032
   974.50000000000000        9.0995386175545464E-032
   975.50000000000000        9.0622836465131485E-032
   976.50000000000000        9.0252191402594141E-032
   977.50000000000000        8.9883439314934123E-032
   978.50000000000000        8.9516568612530490E-032
   979.50000000000000        8.9151567788460771E-032
   980.50000000000000        8.8788425417827225E-032
   981.50000000000000        8.8427130157089304E-032
   982.50000000000000        8.8067670743402220E-032
   983.50000000000000        8.7710035993961505E-032
   984.50000000000000        8.7354214805353683E-032
   985.50000000000000        8.7000196152912689E-032
   986.50000000000000        8.6647969090082303E-032
   987.50000000000000        8.6297522747784293E-032
   988.50000000000000        8.5948846333792331E-032
   989.50000000000000        8.5601929132111624E-032
   990.50000000000000        8.5256760502364083E-032
   991.50000000000000        8.4913329879179204E-032
   992.50000000000000        8.4571626771590334E-032
   993.50000000000000        8.4231640762436472E-032
   994.50000000000000        8.3893361507769452E-032
   995.50000000000000        8.3556778736266451E-032
   996.50000000000000        8.3221882248647890E-032
   997.50000000000000        8.2888661917100418E-032
   998.50000000000000        8.2557107684705267E-032
   999.50000000000000        8.2227209564871630E-032
