  0.50000000000000000        1.2939202977702427E-019
   1.5000000000000000        1.5974324663830159E-021
   2.5000000000000000        2.0702724764323884E-022
   3.5000000000000000        5.3890891202425769E-023
   4.5000000000000000        1.9721388473864393E-023
   5.5000000000000000        8.8376497354705472E-024
   6.5000000000000000        4.5303746289354118E-024
   7.5000000000000000        2.5558919462128253E-024
   8.5000000000000000        1.5492155239643237E-024
   9.5000000000000000        9.9287167668314605E-025
   10.500000000000000        6.6531964447439233E-025
   11.500000000000000        4.6237695611802516E-025
   12.500000000000000        3.3124359622918215E-025
   13.500000000000000        2.4347393177610360E-025
   14.500000000000000        1.8294288942729169E-025
   15.500000000000000        1.4010729564029870E-025
   16.500000000000000        1.0910678685766107E-025
   17.500000000000000        8.6225425923881240E-026
   18.500000000000000        6.9039975635510655E-026
   19.500000000000000        5.5930550974511242E-026
   20.500000000000000        4.5790153440798526E-026
   21.500000000000000        3.7847195486670408E-026
   22.500000000000000        3.1554221558183031E-026
   23.500000000000000        2.6516493552964687E-026
   24.500000000000000        2.2445185840243969E-026
   25.500000000000000        1.9126117579806464E-026
   26.500000000000000        1.6398497097581791E-026
   27.500000000000000        1.4140239576752876E-026
   28.500000000000000        1.2257675020779580E-026
   29.500000000000000        1.0678235118770851E-026
   30.500000000000000        9.3451910777412719E-027
   31.500000000000000        8.2138227712887923E-027
   32.500000000000000        7.2485994062966576E-027
   33.500000000000000        6.4210834611644823E-027
   34.500000000000000        5.7083574829385824E-027
   35.500000000000000        5.0918327589986780E-027
   36.500000000000000        4.5563395907874815E-027
   37.500000000000000        4.0894271139405202E-027
   38.500000000000000        3.6808203812871918E-027
   39.500000000000000        3.3219964234997170E-027
   40.500000000000000        3.0058510095815259E-027
   41.500000000000000        2.7264350497571179E-027
   42.500000000000000        2.4787448383429179E-027
   43.500000000000000        2.2585541904603910E-027
   44.500000000000000        2.0622793785294390E-027
   45.500000000000000        1.8868698995982557E-027
   46.500000000000000        1.7297196992629467E-027
   47.500000000000000        1.5885946826930338E-027
   48.500000000000000        1.4615732593267564E-027
   49.500000000000000        1.3469973686130997E-027
   50.500000000000000        1.2434319734845561E-027
   51.500000000000000        1.1496314256040722E-027
   52.500000000000000        1.0645114311590277E-027
   53.500000000000000        9.8712559994002638E-028
   54.500000000000000        9.1664576004942624E-028
   55.500000000000000        8.5234537821618089E-028
   56.500000000000000        7.9358555074696536E-028
   57.500000000000000        7.3980312978884022E-028
   58.500000000000000        6.9050062931495373E-028
   59.500000000000000        6.4523761931042211E-028
   60.500000000000000        6.0362336831299405E-028
   61.500000000000000        5.6531053630615466E-028
   62.500000000000000        5.2998975396669151E-028
   63.500000000000000        4.9738495200069987E-028
   64.500000000000000        4.6724932699593094E-028
   65.500000000000000        4.3936184885096890E-028
   66.500000000000000        4.1352423018873221E-028
   67.500000000000000        3.8955829084176577E-028
   68.500000000000000        3.6730366100462044E-028
   69.500000000000000        3.4661577538173618E-028
   70.500000000000000        3.2736411793783565E-028
   71.500000000000000        3.0943068294074250E-028
   72.500000000000000        2.9270862308366665E-028
   73.500000000000000        2.7710105975609841E-028
   74.500000000000000        2.6252003413884523E-028
   75.500000000000000        2.4888558084343691E-028
   76.500000000000000        2.3612490839267239E-028
   77.500000000000000        2.2417167302447788E-028
   78.500000000000000        2.1296533415900991E-028
   79.500000000000000        2.0245058145162706E-028
   80.500000000000000        1.9257682470554984E-028
   81.500000000000000        1.8329773907396944E-028
   82.500000000000000        1.7457085897225772E-028
   83.500000000000000        1.6635721497199560E-028
   84.500000000000000        1.5862100868090794E-028
   85.500000000000000        1.5132932124419236E-028
   86.500000000000000        1.4445185164806765E-028
   87.500000000000000        1.3796068147820999E-028
   88.500000000000000        1.3183006319470188E-028
   89.500000000000000        1.2603622934017006E-028
   90.500000000000000        1.2055722040654758E-028
   91.500000000000000        1.1537272935483051E-028
   92.500000000000000        1.1046396101681704E-028
   93.500000000000000        1.0581350481280814E-028
   94.500000000000000        1.0140521939862709E-028
   95.500000000000000        9.7224128012510727E-029
   96.500000000000000        9.3256323430377752E-029
   97.500000000000000        8.9488881559218003E-029
   98.500000000000000        8.5909782805040943E-029
   99.500000000000000        8.2507840445842976E-029
   100.50000000000000        7.9272635323018292E-029
   101.50000000000000        7.6194456237939052E-029
   102.50000000000000        7.3264245505277635E-029
   103.50000000000000        7.0473549172081263E-029
   104.50000000000000        6.7814471462546687E-029
   105.50000000000000        6.5279633053669374E-029
   106.50000000000000        6.2862132827144176E-029
   107.50000000000000        6.0555512778672655E-029
   108.50000000000000        5.8353725797708740E-029
   109.50000000000000        5.6251106059104712E-029
   110.50000000000000        5.4242341793505961E-029
   111.50000000000000        5.2322450226033092E-029
   112.50000000000000        5.0486754493092845E-029
   113.50000000000000        4.8730862365344046E-029
   114.50000000000000        4.7050646621148808E-029
   115.50000000000000        4.5442226929471504E-029
   116.50000000000000        4.3901953114332532E-029
   117.50000000000000        4.2426389684743499E-029
   118.50000000000000        4.1012301524687862E-029
   119.50000000000000        3.9656640647294481E-029
   120.50000000000000        3.8356533925991852E-029
   121.50000000000000        3.7109271723228721E-029
   122.50000000000000        3.5912297344390355E-029
   123.50000000000000        3.4763197250906698E-029
   124.50000000000000        3.3659691972310101E-029
   125.50000000000000        3.2599627662216990E-029
   126.50000000000000        3.1580968247935605E-029
   127.50000000000000        3.0601788127690344E-029
   128.50000000000000        2.9660265373345343E-029
   129.50000000000000        2.8754675400046086E-029
   130.50000000000000        2.7883385067412235E-029
   131.50000000000000        2.7044847179839480E-029
   132.50000000000000        2.6237595356130870E-029
   133.50000000000000        2.5460239241104186E-029
   134.50000000000000        2.4711460034033944E-029
   135.50000000000000        2.3990006310804929E-029
   136.50000000000000        2.3294690118496979E-029
   137.50000000000000        2.2624383322804601E-029
   138.50000000000000        2.1978014190234335E-029
   139.50000000000000        2.1354564188431443E-029
   140.50000000000000        2.0753064989276777E-029
   141.50000000000000        2.0172595660576164E-029
   142.50000000000000        1.9612280033247329E-029
   143.50000000000000        1.9071284231902757E-029
   144.50000000000000        1.8548814357638484E-029
   145.50000000000000        1.8044114312676006E-029
   146.50000000000000        1.7556463757273941E-029
   147.50000000000000        1.7085176190033363E-029
   148.50000000000000        1.6629597143371599E-029
   149.50000000000000        1.6189102486538466E-029
   150.50000000000000        1.5763096829100544E-029
   151.50000000000000        1.5351012018327855E-029
   152.50000000000000        1.4952305724386032E-029
   153.50000000000000        1.4566460107669863E-029
   154.50000000000000        1.4192980563013236E-029
   155.50000000000000        1.3831394535879608E-029
   156.50000000000000        1.3481250405977651E-029
   157.50000000000000        1.3142116434062068E-029
   158.50000000000000        1.2813579767970903E-029
   159.50000000000000        1.2495245504220455E-029
   160.50000000000000        1.2186735801728722E-029
   161.50000000000000        1.1887689044469607E-029
   162.50000000000000        1.1597759050074653E-029
   163.50000000000000        1.1316614321597855E-029
   164.50000000000000        1.1043937339843685E-029
   165.50000000000000        1.0779423893829594E-029
   166.50000000000000        1.0522782447113344E-029
   167.50000000000000        1.0273733537863172E-029
   168.50000000000000        1.0032009210686134E-029
   169.50000000000000        9.7973524783575970E-030
   170.50000000000000        9.5695168117135908E-030
   171.50000000000000        9.3482656560782874E-030
   172.50000000000000        9.1333719727017319E-030
   173.50000000000000        8.9246178037787865E-030
   174.50000000000000        8.7217938597096021E-030
   175.50000000000000        8.5246991273451073E-030
   176.50000000000000        8.3331404980387252E-030
   177.50000000000000        8.1469324143978847E-030
   178.50000000000000        7.9658965346965708E-030
   179.50000000000000        7.7898614139732351E-030
   180.50000000000000        7.6186622008973689E-030
   181.50000000000000        7.4521403495431372E-030
   182.50000000000000        7.2901433452599700E-030
   183.50000000000000        7.1325244438781898E-030
   184.50000000000000        6.9791424235327735E-030
   185.50000000000000        6.8298613484305665E-030
   186.50000000000000        6.6845503439256846E-030
   187.50000000000000        6.5430833823048324E-030
   188.50000000000000        6.4053390787189415E-030
   189.50000000000000        6.2712004967298879E-030
   190.50000000000000        6.1405549629716028E-030
   191.50000000000000        6.0132938904533116E-030
   192.50000000000000        5.8893126100595065E-030
   193.50000000000000        5.7685102098263083E-030
   194.50000000000000        5.6507893815975086E-030
   195.50000000000000        5.5360562746857098E-030
   196.50000000000000        5.4242203561848016E-030
   197.50000000000000        5.3151942775995465E-030
   198.50000000000000        5.2088937474764646E-030
   199.50000000000000        5.1052374097374348E-030
   200.50000000000000        5.0041467274337496E-030
   201.50000000000000        4.9055458716536074E-030
   202.50000000000000        4.8093616153304423E-030
   203.50000000000000        4.7155232317130430E-030
   204.50000000000000        4.6239623972711795E-030
   205.50000000000000        4.5346130988224741E-030
   206.50000000000000        4.4474115446775722E-030
   207.50000000000000        4.3622960796113888E-030
   208.50000000000000        4.2792071034782241E-030
   209.50000000000000        4.1980869932980764E-030
   210.50000000000000        4.1188800286504215E-030
   211.50000000000000        4.0415323202201937E-030
   212.50000000000000        3.9659917413486684E-030
   213.50000000000000        3.8922078624495091E-030
   214.50000000000000        3.8201318881573151E-030
   215.50000000000000        3.7497165970827834E-030
   216.50000000000000        3.6809162840549016E-030
   217.50000000000000        3.6136867047366255E-030
   218.50000000000000        3.5479850225061593E-030
   219.50000000000000        3.4837697575013275E-030
   220.50000000000000        3.4210007377296097E-030
   221.50000000000000        3.3596390521512139E-030
   222.50000000000000        3.2996470056471022E-030
   223.50000000000000        3.2409880757882126E-030
   224.50000000000000        3.1836268713261693E-030
   225.50000000000000        3.1275290923296581E-030
   226.50000000000000        3.0726614918942824E-030
   227.50000000000000        3.0189918393572087E-030
   228.50000000000000        2.9664888849511588E-030
   229.50000000000000        2.9151223258354620E-030
   230.50000000000000        2.8648627734448011E-030
   231.50000000000000        2.8156817220991083E-030
   232.50000000000000        2.7675515188207147E-030
   233.50000000000000        2.7204453343073882E-030
   234.50000000000000        2.6743371350122791E-030
   235.50000000000000        2.6292016562840727E-030
   236.50000000000000        2.5850143765228065E-030
   237.50000000000000        2.5417514923088542E-030
   238.50000000000000        2.4993898944645317E-030
   239.50000000000000        2.4579071450096307E-030
   240.50000000000000        2.4172814549739382E-030
   241.50000000000000        2.3774916630314794E-030
   242.50000000000000        2.3385172149228101E-030
   243.50000000000000        2.3003381436331904E-030
   244.50000000000000        2.2629350502959192E-030
   245.50000000000000        2.2262890857914656E-030
   246.50000000000000        2.1903819330143518E-030
   247.50000000000000        2.1551957897809596E-030
   248.50000000000000        2.1207133523526356E-030
   249.50000000000000        2.0869177995495748E-030
   250.50000000000000        2.0537927774320441E-030
   251.50000000000000        2.0213223845265202E-030
   252.50000000000000        1.9894911575752901E-030
   253.50000000000000        1.9582840577889868E-030
   254.50000000000000        1.9276864575824181E-030
   255.50000000000000        1.8976841277748776E-030
   256.50000000000000        1.8682632252369427E-030
   257.50000000000000        1.8394102809665154E-030
   258.50000000000000        1.8111121885776032E-030
   259.50000000000000        1.7833561931860206E-030
   260.50000000000000        1.7561298806768673E-030
   261.50000000000000        1.7294211673392656E-030
   262.50000000000000        1.7032182898544444E-030
   263.50000000000000        1.6775097956238393E-030
   264.50000000000000        1.6522845334244271E-030
   265.50000000000000        1.6275316443790353E-030
   266.50000000000000        1.6032405532298773E-030
   267.50000000000000        1.5794009599040422E-030
   268.50000000000000        1.5560028313601242E-030
   269.50000000000000        1.5330363937056192E-030
   270.50000000000000        1.5104921245751322E-030
   271.50000000000000        1.4883607457598467E-030
   272.50000000000000        1.4666332160790820E-030
   273.50000000000000        1.4453007244851370E-030
   274.50000000000000        1.4243546833929692E-030
   275.50000000000000        1.4037867222265919E-030
   276.50000000000000        1.3835886811743926E-030
   277.50000000000000        1.3637526051458895E-030
   278.50000000000000        1.3442707379227237E-030
   279.50000000000000        1.3251355164969857E-030
   280.50000000000000        1.3063395655902237E-030
   281.50000000000000        1.2878756923467556E-030
   282.50000000000000        1.2697368811951445E-030
   283.50000000000000        1.2519162888719392E-030
   284.50000000000000        1.2344072396020042E-030
   285.50000000000000        1.2172032204299855E-030
   286.50000000000000        1.2002978766976634E-030
   287.50000000000000        1.1836850076621444E-030
   288.50000000000000        1.1673585622500369E-030
   289.50000000000000        1.1513126349429351E-030
   290.50000000000000        1.1355414617897202E-030
   291.50000000000000        1.1200394165413423E-030
   292.50000000000000        1.1048010069039261E-030
   293.50000000000000        1.0898208709061816E-030
   294.50000000000000        1.0750937733772660E-030
   295.50000000000000        1.0606146025313696E-030
   296.50000000000000        1.0463783666554522E-030
   297.50000000000000        1.0323801908966755E-030
   298.50000000000000        1.0186153141462097E-030
   299.50000000000000        1.0050790860162132E-030
   300.50000000000000        9.9176696390689964E-031
   301.50000000000000        9.7867451016071957E-031
   302.50000000000000        9.6579738930079054E-031
   303.50000000000000        9.5313136535081378E-031
   304.50000000000000        9.4067229923381554E-031
   305.50000000000000        9.2841614624714415E-031
   306.50000000000000        9.1635895361124857E-031
   307.50000000000000        9.0449685808984742E-031
   308.50000000000000        8.9282608367919144E-031
   309.50000000000000        8.8134293936419183E-031
   310.50000000000000        8.7004381693927481E-031
   311.50000000000000        8.5892518889189454E-031
   312.50000000000000        8.4798360634670628E-031
   313.50000000000000        8.3721569706847759E-031
   314.50000000000000        8.2661816352187661E-031
   315.50000000000000        8.1618778098634327E-031
   316.50000000000000        8.0592139572431330E-031
   317.50000000000000        7.9581592320111955E-031
   318.50000000000000        7.8586834635495857E-031
   319.50000000000000        7.7607571391536015E-031
   320.50000000000000        7.6643513876865726E-031
   321.50000000000000        7.5694379636899689E-031
   322.50000000000000        7.4759892319348958E-031
   323.50000000000000        7.3839781524013783E-031
   324.50000000000000        7.2933782656723251E-031
   325.50000000000000        7.2041636787294736E-031
   326.50000000000000        7.1163090511390822E-031
   327.50000000000000        7.0297895816155027E-031
   328.50000000000000        6.9445809949511987E-031
   329.50000000000000        6.8606595293021340E-031
   330.50000000000000        6.7780019238178176E-031
   331.50000000000000        6.6965854066056737E-031
   332.50000000000000        6.6163876830197158E-031
   333.50000000000000        6.5373869242638375E-031
   334.50000000000000        6.4595617563003816E-031
   335.50000000000000        6.3828912490548941E-031
   336.50000000000000        6.3073549059083383E-031
   337.50000000000000        6.2329326534682528E-031
   338.50000000000000        6.1596048316106796E-031
   339.50000000000000        6.0873521837849080E-031
   340.50000000000000        6.0161558475733388E-031
   341.50000000000000        5.9459973454990649E-031
   342.50000000000000        5.8768585760739260E-031
   343.50000000000000        5.8087218050801001E-031
   344.50000000000000        5.7415696570784608E-031
   345.50000000000000        5.6753851071371856E-031
   346.50000000000000        5.6101514727742589E-031
   347.50000000000000        5.5458524061077782E-031
   348.50000000000000        5.4824718862080824E-031
   349.50000000000000        5.4199942116459919E-031
   350.50000000000000        5.3584039932315681E-031
   351.50000000000000        5.2976861469379949E-031
   352.50000000000000        5.2378258870053712E-031
   353.50000000000000        5.1788087192193092E-031
   354.50000000000000        5.1206204343594850E-031
   355.50000000000000        5.0632471018133170E-031
   356.50000000000000        5.0066750633502125E-031
   357.50000000000000        4.9508909270518807E-031
   358.50000000000000        4.8958815613943810E-031
   359.50000000000000        4.8416340894777170E-031
   360.50000000000000        4.7881358833988848E-031
   361.50000000000000        4.7353745587644252E-031
   362.50000000000000        4.6833379693386667E-031
   363.50000000000000        4.6320142018239099E-031
   364.50000000000000        4.5813915707689774E-031
   365.50000000000000        4.5314586136026158E-031
   366.50000000000000        4.4822040857883605E-031
   367.50000000000000        4.4336169560975742E-031
   368.50000000000000        4.3856864019974608E-031
   369.50000000000000        4.3384018051509607E-031
   370.50000000000000        4.2917527470255175E-031
   371.50000000000000        4.2457290046077970E-031
   372.50000000000000        4.2003205462215233E-031
   373.50000000000000        4.1555175274456917E-031
   374.50000000000000        4.1113102871304721E-031
   375.50000000000000        4.0676893435082348E-031
   376.50000000000000        4.0246453903971582E-031
   377.50000000000000        3.9821692934949905E-031
   378.50000000000000        3.9402520867605895E-031
   379.50000000000000        3.8988849688809388E-031
   380.50000000000000        3.8580592998213948E-031
   381.50000000000000        3.8177665974570025E-031
   382.50000000000000        3.7779985342827587E-031
   383.50000000000000        3.7387469342007813E-031
   384.50000000000000        3.7000037693823843E-031
   385.50000000000000        3.6617611572031288E-031
   386.50000000000000        3.6240113572489663E-031
   387.50000000000000        3.5867467683916463E-031
   388.50000000000000        3.5499599259316153E-031
   389.50000000000000        3.5136434988066795E-031
   390.50000000000000        3.4777902868647481E-031
   391.50000000000000        3.4423932181990413E-031
   392.50000000000000        3.4074453465441584E-031
   393.50000000000000        3.3729398487314806E-031
   394.50000000000000        3.3388700222024049E-031
   395.50000000000000        3.3052292825779484E-031
   396.50000000000000        3.2720111612833135E-031
   397.50000000000000        3.2392093032260330E-031
   398.50000000000000        3.2068174645263561E-031
   399.50000000000000        3.1748295102985702E-031
   400.50000000000000        3.1432394124819981E-031
   401.50000000000000        3.1120412477204298E-031
   402.50000000000000        3.0812291952887974E-031
   403.50000000000000        3.0507975350659193E-031
   404.50000000000000        3.0207406455521852E-031
   405.50000000000000        2.9910530019310777E-031
   406.50000000000000        2.9617291741734482E-031
   407.50000000000000        2.9327638251835111E-031
   408.50000000000000        2.9041517089855363E-031
   409.50000000000000        2.8758876689502447E-031
   410.50000000000000        2.8479666360599480E-031
   411.50000000000000        2.8203836272114991E-031
   412.50000000000000        2.7931337435561235E-031
   413.50000000000000        2.7662121688752647E-031
   414.50000000000000        2.7396141679915604E-031
   415.50000000000000        2.7133350852141157E-031
   416.50000000000000        2.6873703428172517E-031
   417.50000000000000        2.6617154395519291E-031
   418.50000000000000        2.6363659491890666E-031
   419.50000000000000        2.6113175190940041E-031
   420.50000000000000        2.5865658688313652E-031
   421.50000000000000        2.5621067887996016E-031
   422.50000000000000        2.5379361388945270E-031
   423.50000000000000        2.5140498472011418E-031
   424.50000000000000        2.4904439087131063E-031
   425.50000000000000        2.4671143840791967E-031
   426.50000000000000        2.4440573983761199E-031
   427.50000000000000        2.4212691399070777E-031
   428.50000000000000        2.3987458590254729E-031
   429.50000000000000        2.3764838669831798E-031
   430.50000000000000        2.3544795348028097E-031
   431.50000000000000        2.3327292921734125E-031
   432.50000000000000        2.3112296263690824E-031
   433.50000000000000        2.2899770811899362E-031
   434.50000000000000        2.2689682559249486E-031
   435.50000000000000        2.2481998043361514E-031
   436.50000000000000        2.2276684336637040E-031
   437.50000000000000        2.2073709036513595E-031
   438.50000000000000        2.1873040255918652E-031
   439.50000000000000        2.1674646613918447E-031
   440.50000000000000        2.1478497226557198E-031
   441.50000000000000        2.1284561697882446E-031
   442.50000000000000        2.1092810111152296E-031
   443.50000000000000        2.0903213020220500E-031
   444.50000000000000        2.0715741441095368E-031
   445.50000000000000        2.0530366843668644E-031
   446.50000000000000        2.0347061143610535E-031
   447.50000000000000        2.0165796694427213E-031
   448.50000000000000        1.9986546279677120E-031
   449.50000000000000        1.9809283105342668E-031
   450.50000000000000        1.9633980792353768E-031
   451.50000000000000        1.9460613369259932E-031
   452.50000000000000        1.9289155265047614E-031
   453.50000000000000        1.9119581302099652E-031
   454.50000000000000        1.8951866689293647E-031
   455.50000000000000        1.8785987015236263E-031
   456.50000000000000        1.8621918241630476E-031
   457.50000000000000        1.8459636696772880E-031
   458.50000000000000        1.8299119069178211E-031
   459.50000000000000        1.8140342401328343E-031
   460.50000000000000        1.7983284083543040E-031
   461.50000000000000        1.7827921847969880E-031
   462.50000000000000        1.7674233762690727E-031
   463.50000000000000        1.7522198225942268E-031
   464.50000000000000        1.7371793960448191E-031
   465.50000000000000        1.7223000007860568E-031
   466.50000000000000        1.7075795723308158E-031
   467.50000000000000        1.6930160770049299E-031
   468.50000000000000        1.6786075114227211E-031
   469.50000000000000        1.6643519019725493E-031
   470.50000000000000        1.6502473043121759E-031
   471.50000000000000        1.6362918028737220E-031
   472.50000000000000        1.6224835103780333E-031
   473.50000000000000        1.6088205673582415E-031
   474.50000000000000        1.5953011416923361E-031
   475.50000000000000        1.5819234281445559E-031
   476.50000000000000        1.5686856479154125E-031
   477.50000000000000        1.5555860482001715E-031
   478.50000000000000        1.5426229017556117E-031
   479.50000000000000        1.5297945064748872E-031
   480.50000000000000        1.5170991849703330E-031
   481.50000000000000        1.5045352841640396E-031
   482.50000000000000        1.4921011748860439E-031
   483.50000000000000        1.4797952514799746E-031
   484.50000000000000        1.4676159314160010E-031
   485.50000000000000        1.4555616549109344E-031
   486.50000000000000        1.4436308845553360E-031
   487.50000000000000        1.4318221049474881E-031
   488.50000000000000        1.4201338223340868E-031
   489.50000000000000        1.4085645642575225E-031
   490.50000000000000        1.3971128792096119E-031
   491.50000000000000        1.3857773362916493E-031
   492.50000000000000        1.3745565248806550E-031
   493.50000000000000        1.3634490543016893E-031
   494.50000000000000        1.3524535535061126E-031
   495.50000000000000        1.3415686707556715E-031
   496.50000000000000        1.3307930733122956E-031
   497.50000000000000        1.3201254471334876E-031
   498.50000000000000        1.3095644965731971E-031
   499.50000000000000        1.2991089440880672E-031
   500.50000000000000        1.2887575299489483E-031
   501.50000000000000        1.2785090119575736E-031
   502.50000000000000        1.2683621651682928E-031
   503.50000000000000        1.2583157816147660E-031
   504.50000000000000        1.2483686700415194E-031
   505.50000000000000        1.2385196556402636E-031
   506.50000000000000        1.2287675797908868E-031
   507.50000000000000        1.2191112998070249E-031
   508.50000000000000        1.2095496886861229E-031
   509.50000000000000        1.2000816348638985E-031
   510.50000000000000        1.1907060419731193E-031
   511.50000000000000        1.1814218286066161E-031
   512.50000000000000        1.1722279280844423E-031
   513.50000000000000        1.1631232882251031E-031
   514.50000000000000        1.1541068711207762E-031
   515.50000000000000        1.1451776529164442E-031
   516.50000000000000        1.1363346235928636E-031
   517.50000000000000        1.1275767867533002E-031
   518.50000000000000        1.1189031594139523E-031
   519.50000000000000        1.1103127717979967E-031
   520.50000000000000        1.1018046671331836E-031
   521.50000000000000        1.0933779014529164E-031
   522.50000000000000        1.0850315434007471E-031
   523.50000000000000        1.0767646740382223E-031
   524.50000000000000        1.0685763866560192E-031
   525.50000000000000        1.0604657865883047E-031
   526.50000000000000        1.0524319910302601E-031
   527.50000000000000        1.0444741288587102E-031
   528.50000000000000        1.0365913404557972E-031
   529.50000000000000        1.0287827775356452E-031
   530.50000000000000        1.0210476029739547E-031
   531.50000000000000        1.0133849906404761E-031
   532.50000000000000        1.0057941252343067E-031
   533.50000000000000        9.9827420212195640E-032
   534.50000000000000        9.9082442717813497E-032
   535.50000000000000        9.8344401662920613E-032
   536.50000000000000        9.7613219689926134E-032
   537.50000000000000        9.6888820445876248E-032
   538.50000000000000        9.6171128567570805E-032
   539.50000000000000        9.5460069666927559E-032
   540.50000000000000        9.4755570316589368E-032
   541.50000000000000        9.4057558035769995E-032
   542.50000000000000        9.3365961276333981E-032
   543.50000000000000        9.2680709409106575E-032
   544.50000000000000        9.2001732710409102E-032
   545.50000000000000        9.1328962348816070E-032
   546.50000000000000        9.0662330372129609E-032
   547.50000000000000        9.0001769694567528E-032
   548.50000000000000        8.9347214084161014E-032
   549.50000000000000        8.8698598150358133E-032
   550.50000000000000        8.8055857331829495E-032
   551.50000000000000        8.7418927884472339E-032
   552.50000000000000        8.6787746869609541E-032
   553.50000000000000        8.6162252142379910E-032
   554.50000000000000        8.5542382340316549E-032
   555.50000000000000        8.4928076872109572E-032
   556.50000000000000        8.4319275906550206E-032
   557.50000000000000        8.3715920361652941E-032
   558.50000000000000        8.3117951893952280E-032
   559.50000000000000        8.2525312887971410E-032
   560.50000000000000        8.1937946445859461E-032
   561.50000000000000        8.1355796377194387E-032
   562.50000000000000        8.0778807188948549E-032
   563.50000000000000        8.0206924075614264E-032
   564.50000000000000        7.9640092909486177E-032
   565.50000000000000        7.9078260231098027E-032
   566.50000000000000        7.8521373239810955E-032
   567.50000000000000        7.7969379784550474E-032
   568.50000000000000        7.7422228354689969E-032
   569.50000000000000        7.6879868071077717E-032
   570.50000000000000        7.6342248677205098E-032
   571.50000000000000        7.5809320530513614E-032
   572.50000000000000        7.5281034593838095E-032
   573.50000000000000        7.4757342426983959E-032
   574.50000000000000        7.4238196178435944E-032
   575.50000000000000        7.3723548577196279E-032
   576.50000000000000        7.3213352924749858E-032
   577.50000000000000        7.2707563087154393E-032
   578.50000000000000        7.2206133487253209E-032
   579.50000000000000        7.1709019097008700E-032
   580.50000000000000        7.1216175429954428E-032
   581.50000000000000        7.0727558533763572E-032
   582.50000000000000        7.0243124982932053E-032
   583.50000000000000        6.9762831871574178E-032
   584.50000000000000        6.9286636806328850E-032
   585.50000000000000        6.8814497899374695E-032
   586.50000000000000        6.8346373761551968E-032
   587.50000000000000        6.7882223495589594E-032
   588.50000000000000        6.7422006689435576E-032
   589.50000000000000        6.6965683409688905E-032
   590.50000000000000        6.6513214195131316E-032
   591.50000000000000        6.6064560050357327E-032
   592.50000000000000        6.5619682439500572E-032
   593.50000000000000        6.5178543280055341E-032
   594.50000000000000        6.4741104936791071E-032
   595.50000000000000        6.4307330215758830E-032
   596.50000000000000        6.3877182358387928E-032
   597.50000000000000        6.3450625035671179E-032
   598.50000000000000        6.3027622342437469E-032
   599.50000000000000        6.2608138791710017E-032
   600.50000000000000        6.2192139309148983E-032
   601.50000000000000        6.1779589227577155E-032
   602.50000000000000        6.1370454281586966E-032
   603.50000000000000        6.0964700602227917E-032
   604.50000000000000        6.0562294711772927E-032
   605.50000000000000        6.0163203518562121E-032
   606.50000000000000        5.9767394311923039E-032
   607.50000000000000        5.9374834757165950E-032
   608.50000000000000        5.8985492890652903E-032
   609.50000000000000        5.8599337114939525E-032
   610.50000000000000        5.8216336193988181E-032
   611.50000000000000        5.7836459248451397E-032
   612.50000000000000        5.7459675751024567E-032
   613.50000000000000        5.7085955521866415E-032
   614.50000000000000        5.6715268724086658E-032
   615.50000000000000        5.6347585859299229E-032
   616.50000000000000        5.5982877763240427E-032
   617.50000000000000        5.5621115601450703E-032
   618.50000000000000        5.5262270865019196E-032
   619.50000000000000        5.4906315366389784E-032
   620.50000000000000        5.4553221235228044E-032
   621.50000000000000        5.4202960914347753E-032
   622.50000000000000        5.3855507155696160E-032
   623.50000000000000        5.3510833016397174E-032
   624.50000000000000        5.3168911854851302E-032
   625.50000000000000        5.2829717326891657E-032
   626.50000000000000        5.2493223381995032E-032
   627.50000000000000        5.2159404259547178E-032
   628.50000000000000        5.1828234485161438E-032
   629.50000000000000        5.1499688867049902E-032
   630.50000000000000        5.1173742492446215E-032
   631.50000000000000        5.0850370724079270E-032
   632.50000000000000        5.0529549196696965E-032
   633.50000000000000        5.0211253813639144E-032
   634.50000000000000        4.9895460743459176E-032
   635.50000000000000        4.9582146416593154E-032
   636.50000000000000        4.9271287522076120E-032
   637.50000000000000        4.8962861004304546E-032
   638.50000000000000        4.8656844059844340E-032
   639.50000000000000        4.8353214134283634E-032
   640.50000000000000        4.8051948919129744E-032
   641.50000000000000        4.7753026348749528E-032
   642.50000000000000        4.7456424597352551E-032
   643.50000000000000        4.7162122076016239E-032
   644.50000000000000        4.6870097429752594E-032
   645.50000000000000        4.6580329534615664E-032
   646.50000000000000        4.6292797494849182E-032
   647.50000000000000        4.6007480640073737E-032
   648.50000000000000        4.5724358522512979E-032
   649.50000000000000        4.5443410914258047E-032
   650.50000000000000        4.5164617804569868E-032
   651.50000000000000        4.4887959397218582E-032
   652.50000000000000        4.4613416107859576E-032
   653.50000000000000        4.4340968561445592E-032
   654.50000000000000        4.4070597589674351E-032
   655.50000000000000        4.3802284228471104E-032
   656.50000000000000        4.3536009715505625E-032
   657.50000000000000        4.3271755487743166E-032
   658.50000000000000        4.3009503179028728E-032
   659.50000000000000        4.2749234617704279E-032
   660.50000000000000        4.2490931824258353E-032
   661.50000000000000        4.2234577009007532E-032
   662.50000000000000        4.1980152569809385E-032
   663.50000000000000        4.1727641089806375E-032
   664.50000000000000        4.1477025335200171E-032
   665.50000000000000        4.1228288253056083E-032
   666.50000000000000        4.0981412969137043E-032
   667.50000000000000        4.0736382785766694E-032
   668.50000000000000        4.0493181179721257E-032
   669.50000000000000        4.0251791800149580E-032
   670.50000000000000        4.0012198466521145E-032
   671.50000000000000        3.9774385166601414E-032
   672.50000000000000        3.9538336054454311E-032
   673.50000000000000        3.9304035448471230E-032
   674.50000000000000        3.9071467829426401E-032
   675.50000000000000        3.8840617838557994E-032
   676.50000000000000        3.8611470275674793E-032
   677.50000000000000        3.8384010097287884E-032
   678.50000000000000        3.8158222414767141E-032
   679.50000000000000        3.7934092492522006E-032
   680.50000000000000        3.7711605746206359E-032
   681.50000000000000        3.7490747740946933E-032
   682.50000000000000        3.7271504189595167E-032
   683.50000000000000        3.7053860951001924E-032
   684.50000000000000        3.6837804028314885E-032
   685.50000000000000        3.6623319567298256E-032
   686.50000000000000        3.6410393854674437E-032
   687.50000000000000        3.6199013316487364E-032
   688.50000000000000        3.5989164516487186E-032
   689.50000000000000        3.5780834154535999E-032
   690.50000000000000        3.5574009065034313E-032
   691.50000000000000        3.5368676215367913E-032
   692.50000000000000        3.5164822704374937E-032
   693.50000000000000        3.4962435760832722E-032
   694.50000000000000        3.4761502741964295E-032
   695.50000000000000        3.4562011131964093E-032
   696.50000000000000        3.4363948540542678E-032
   697.50000000000000        3.4167302701490306E-032
   698.50000000000000        3.3972061471258782E-032
   699.50000000000000        3.3778212827561681E-032
   700.50000000000000        3.3585744867992450E-032
   701.50000000000000        3.3394645808660172E-032
   702.50000000000000        3.3204903982842841E-032
   703.50000000000000        3.3016507839657765E-032
   704.50000000000000        3.2829445942748968E-032
   705.50000000000000        3.2643706968991246E-032
   706.50000000000000        3.2459279707210773E-032
   707.50000000000000        3.2276153056921867E-032
   708.50000000000000        3.2094316027079801E-032
   709.50000000000000        3.1913757734849462E-032
   710.50000000000000        3.1734467404389446E-032
   711.50000000000000        3.1556434365651609E-032
   712.50000000000000        3.1379648053195730E-032
   713.50000000000000        3.1204098005019029E-032
   714.50000000000000        3.1029773861400497E-032
   715.50000000000000        3.0856665363759649E-032
   716.50000000000000        3.0684762353529632E-032
   717.50000000000000        3.0514054771044416E-032
   718.50000000000000        3.0344532654439892E-032
   719.50000000000000        3.0176186138568703E-032
   720.50000000000000        3.0009005453928613E-032
   721.50000000000000        2.9842980925604182E-032
   722.50000000000000        2.9678102972221569E-032
   723.50000000000000        2.9514362104916454E-032
   724.50000000000000        2.9351748926314556E-032
   725.50000000000000        2.9190254129524933E-032
   726.50000000000000        2.9029868497145619E-032
   727.50000000000000        2.8870582900281607E-032
   728.50000000000000        2.8712388297574919E-032
   729.50000000000000        2.8555275734246601E-032
   730.50000000000000        2.8399236341150500E-032
   731.50000000000000        2.8244261333838686E-032
   732.50000000000000        2.8090342011638305E-032
   733.50000000000000        2.7937469756739740E-032
   734.50000000000000        2.7785636033295941E-032
   735.50000000000000        2.7634832386532724E-032
   736.50000000000000        2.7485050441869947E-032
   737.50000000000000        2.7336281904053378E-032
   738.50000000000000        2.7188518556297116E-032
   739.50000000000000        2.7041752259436440E-032
   740.50000000000000        2.6895974951090912E-032
   741.50000000000000        2.6751178644837646E-032
   742.50000000000000        2.6607355429394561E-032
   743.50000000000000        2.6464497467813497E-032
   744.50000000000000        2.6322596996683082E-032
   745.50000000000000        2.6181646325341180E-032
   746.50000000000000        2.6041637835096831E-032
   747.50000000000000        2.5902563978461546E-032
   748.50000000000000        2.5764417278389815E-032
   749.50000000000000        2.5627190327528694E-032
   750.50000000000000        2.5490875787476436E-032
   751.50000000000000        2.5355466388049930E-032
   752.50000000000000        2.5220954926560871E-032
   753.50000000000000        2.5087334267100637E-032
   754.50000000000000        2.4954597339833583E-032
   755.50000000000000        2.4822737140298812E-032
   756.50000000000000        2.4691746728720188E-032
   757.50000000000000        2.4561619229324564E-032
   758.50000000000000        2.4432347829668064E-032
   759.50000000000000        2.4303925779970320E-032
   760.50000000000000        2.4176346392456627E-032
   761.50000000000000        2.4049603040707784E-032
   762.50000000000000        2.3923689159017653E-032
   763.50000000000000        2.3798598241758246E-032
   764.50000000000000        2.3674323842752284E-032
   765.50000000000000        2.3550859574653093E-032
   766.50000000000000        2.3428199108331824E-032
   767.50000000000000        2.3306336172271778E-032
   768.50000000000000        2.3185264551969856E-032
   769.50000000000000        2.3064978089344974E-032
   770.50000000000000        2.2945470682153373E-032
   771.50000000000000        2.2826736283410771E-032
   772.50000000000000        2.2708768900821181E-032
   773.50000000000000        2.2591562596212395E-032
   774.50000000000000        2.2475111484978022E-032
   775.50000000000000        2.2359409735525964E-032
   776.50000000000000        2.2244451568733282E-032
   777.50000000000000        2.2130231257407372E-032
   778.50000000000000        2.2016743125753337E-032
   779.50000000000000        2.1903981548847522E-032
   780.50000000000000        2.1791940952117072E-032
   781.50000000000000        2.1680615810825524E-032
   782.50000000000000        2.1570000649564243E-032
   783.50000000000000        2.1460090041749742E-032
   784.50000000000000        2.1350878609126736E-032
   785.50000000000000        2.1242361021276856E-032
   786.50000000000000        2.1134531995133018E-032
   787.50000000000000        2.1027386294499309E-032
   788.50000000000000        2.0920918729576341E-032
   789.50000000000000        2.0815124156491992E-032
   790.50000000000000        2.0709997476837523E-032
   791.50000000000000        2.0605533637208920E-032
   792.50000000000000        2.0501727628753444E-032
   793.50000000000000        2.0398574486721326E-032
   794.50000000000000        2.0296069290022511E-032
   795.50000000000000        2.0194207160788434E-032
   796.50000000000000        2.0092983263938708E-032
   797.50000000000000        1.9992392806752727E-032
   798.50000000000000        1.9892431038446048E-032
   799.50000000000000        1.9793093249751572E-032
   800.50000000000000        1.9694374772505395E-032
   801.50000000000000        1.9596270979237323E-032
   802.50000000000000        1.9498777282765954E-032
   803.50000000000000        1.9401889135798297E-032
   804.50000000000000        1.9305602030533854E-032
   805.50000000000000        1.9209911498273140E-032
   806.50000000000000        1.9114813109030512E-032
   807.50000000000000        1.9020302471151371E-032
   808.50000000000000        1.8926375230933571E-032
   809.50000000000000        1.8833027072253038E-032
   810.50000000000000        1.8740253716193561E-032
   811.50000000000000        1.8648050920680646E-032
   812.50000000000000        1.8556414480119445E-032
   813.50000000000000        1.8465340225036681E-032
   814.50000000000000        1.8374824021726504E-032
   815.50000000000000        1.8284861771900265E-032
   816.50000000000000        1.8195449412340141E-032
   817.50000000000000        1.8106582914556568E-032
   818.50000000000000        1.8018258284449414E-032
   819.50000000000000        1.7930471561972902E-032
   820.50000000000000        1.7843218820804161E-032
   821.50000000000000        1.7756496168015445E-032
   822.50000000000000        1.7670299743749896E-032
   823.50000000000000        1.7584625720900855E-032
   824.50000000000000        1.7499470304794678E-032
   825.50000000000000        1.7414829732876993E-032
   826.50000000000000        1.7330700274402367E-032
   827.50000000000000        1.7247078230127352E-032
   828.50000000000000        1.7163959932006842E-032
   829.50000000000000        1.7081341742893737E-032
   830.50000000000000        1.6999220056241848E-032
   831.50000000000000        1.6917591295812004E-032
   832.50000000000000        1.6836451915381353E-032
   833.50000000000000        1.6755798398455753E-032
   834.50000000000000        1.6675627257985328E-032
   835.50000000000000        1.6595935036083010E-032
   836.50000000000000        1.6516718303746139E-032
   837.50000000000000        1.6437973660581074E-032
   838.50000000000000        1.6359697734530685E-032
   839.50000000000000        1.6281887181604847E-032
   840.50000000000000        1.6204538685613725E-032
   841.50000000000000        1.6127648957903998E-032
   842.50000000000000        1.6051214737097813E-032
   843.50000000000000        1.5975232788834587E-032
   844.50000000000000        1.5899699905515499E-032
   845.50000000000000        1.5824612906050744E-032
   846.50000000000000        1.5749968635609427E-032
   847.50000000000000        1.5675763965372155E-032
   848.50000000000000        1.5601995792286206E-032
   849.50000000000000        1.5528661038823313E-032
   850.50000000000000        1.5455756652739991E-032
   851.50000000000000        1.5383279606840410E-032
   852.50000000000000        1.5311226898741746E-032
   853.50000000000000        1.5239595550642026E-032
   854.50000000000000        1.5168382609090394E-032
   855.50000000000000        1.5097585144759791E-032
   856.50000000000000        1.5027200252222042E-032
   857.50000000000000        1.4957225049725263E-032
   858.50000000000000        1.4887656678973627E-032
   859.50000000000000        1.4818492304909424E-032
   860.50000000000000        1.4749729115497397E-032
   861.50000000000000        1.4681364321511307E-032
   862.50000000000000        1.4613395156322771E-032
   863.50000000000000        1.4545818875692228E-032
   864.50000000000000        1.4478632757562139E-032
   865.50000000000000        1.4411834101852306E-032
   866.50000000000000        1.4345420230257312E-032
   867.50000000000000        1.4279388486046057E-032
   868.50000000000000        1.4213736233863397E-032
   869.50000000000000        1.4148460859533779E-032
   870.50000000000000        1.4083559769866960E-032
   871.50000000000000        1.4019030392465681E-032
   872.50000000000000        1.3954870175535362E-032
   873.50000000000000        1.3891076587695721E-032
   874.50000000000000        1.3827647117794351E-032
   875.50000000000000        1.3764579274722192E-032
   876.50000000000000        1.3701870587230919E-032
   877.50000000000000        1.3639518603752170E-032
   878.50000000000000        1.3577520892218654E-032
   879.50000000000000        1.3515875039887043E-032
   880.50000000000000        1.3454578653162735E-032
   881.50000000000000        1.3393629357426339E-032
   882.50000000000000        1.3333024796861960E-032
   883.50000000000000        1.3272762634287234E-032
   884.50000000000000        1.3212840550985069E-032
   885.50000000000000        1.3153256246537110E-032
   886.50000000000000        1.3094007438658883E-032
   887.50000000000000        1.3035091863036616E-032
   888.50000000000000        1.2976507273165694E-032
   889.50000000000000        1.2918251440190769E-032
   890.50000000000000        1.2860322152747469E-032
   891.50000000000000        1.2802717216805693E-032
   892.50000000000000        1.2745434455514512E-032
   893.50000000000000        1.2688471709048602E-032
   894.50000000000000        1.2631826834456227E-032
   895.50000000000000        1.2575497705508762E-032
   896.50000000000000        1.2519482212551702E-032
   897.50000000000000        1.2463778262357175E-032
   898.50000000000000        1.2408383777977938E-032
   899.50000000000000        1.2353296698602810E-032
   900.50000000000000        1.2298514979413553E-032
   901.50000000000000        1.2244036591443205E-032
   902.50000000000000        1.2189859521435790E-032
   903.50000000000000        1.2135981771707439E-032
   904.50000000000000        1.2082401360008885E-032
   905.50000000000000        1.2029116319389335E-032
   906.50000000000000        1.1976124698061677E-032
   907.50000000000000        1.1923424559269020E-032
   908.50000000000000        1.1871013981152572E-032
   909.50000000000000        1.1818891056620807E-032
   910.50000000000000        1.1767053893219924E-032
   911.50000000000000        1.1715500613005591E-032
   912.50000000000000        1.1664229352415952E-032
   913.50000000000000        1.1613238262145871E-032
   914.50000000000000        1.1562525507022418E-032
   915.50000000000000        1.1512089265881593E-032
   916.50000000000000        1.1461927731446225E-032
   917.50000000000000        1.1412039110205103E-032
   918.50000000000000        1.1362421622293256E-032
   919.50000000000000        1.1313073501373439E-032
   920.50000000000000        1.1263992994518733E-032
   921.50000000000000        1.1215178362096334E-032
   922.50000000000000        1.1166627877652437E-032
   923.50000000000000        1.1118339827798267E-032
   924.50000000000000        1.1070312512097197E-032
   925.50000000000000        1.1022544242952980E-032
   926.50000000000000        1.0975033345499051E-032
   927.50000000000000        1.0927778157488908E-032
   928.50000000000000        1.0880777029187551E-032
   929.50000000000000        1.0834028323263979E-032
   930.50000000000000        1.0787530414684707E-032
   931.50000000000000        1.0741281690608330E-032
   932.50000000000000        1.0695280550281095E-032
   933.50000000000000        1.0649525404933466E-032
   934.50000000000000        1.0604014677677711E-032
   935.50000000000000        1.0558746803406446E-032
   936.50000000000000        1.0513720228692163E-032
   937.50000000000000        1.0468933411687732E-032
   938.50000000000000        1.0424384822027831E-032
   939.50000000000000        1.0380072940731341E-032
   940.50000000000000        1.0335996260104662E-032
   941.50000000000000        1.0292153283645958E-032
   942.50000000000000        1.0248542525950305E-032
   943.50000000000000        1.0205162512615760E-032
   944.50000000000000        1.0162011780150301E-032
   945.50000000000000        1.0119088875879673E-032
   946.50000000000000        1.0076392357856091E-032
   947.50000000000000        1.0033920794767822E-032
   948.50000000000000        9.9916727658496166E-033
   949.50000000000000        9.9496468607939923E-033
   950.50000000000000        9.9078416796633504E-033
   951.50000000000000        9.8662558328029263E-033
   952.50000000000000        9.8248879407545637E-033
   953.50000000000000        9.7837366341712917E-033
   954.50000000000000        9.7428005537327201E-033
   955.50000000000000        9.7020783500612172E-033
   956.50000000000000        9.6615686836388817E-033
   957.50000000000000        9.6212702247252985E-033
   958.50000000000000        9.5811816532760511E-033
   959.50000000000000        9.5413016588620102E-033
   960.50000000000000        9.5016289405893763E-033
   961.50000000000000        9.4621622070204598E-033
   962.50000000000000        9.4229001760952108E-033
   963.50000000000000        9.3838415750534759E-033
   964.50000000000000        9.3449851403579873E-033
   965.50000000000000        9.3063296176180461E-033
   966.50000000000000        9.2678737615139514E-033
   967.50000000000000        9.2296163357220934E-033
   968.50000000000000        9.1915561128407694E-033
   969.50000000000000        9.1536918743166749E-033
   970.50000000000000        9.1160224103720724E-033
   971.50000000000000        9.0785465199326468E-033
   972.50000000000000        9.0412630105560133E-033
   973.50000000000000        9.0041706983608953E-033
   974.50000000000000        8.9672684079569489E-033
   975.50000000000000        8.9305549723752388E-033
   976.50000000000000        8.8940292329993495E-033
   977.50000000000000        8.8576900394971357E-033
   978.50000000000000        8.8215362497530873E-033
   979.50000000000000        8.7855667298013367E-033
   980.50000000000000        8.7497803537592522E-033
   981.50000000000000        8.7141760037616638E-033
   982.50000000000000        8.6787525698956815E-033
   983.50000000000000        8.6435089501360987E-033
   984.50000000000000        8.6084440502814057E-033
   985.50000000000000        8.5735567838903687E-033
   986.50000000000000        8.5388460722191958E-033
   987.50000000000000        8.5043108441592753E-033
   988.50000000000000        8.4699500361754742E-033
   989.50000000000000        8.4357625922449990E-033
   990.50000000000000        8.4017474637968204E-033
   991.50000000000000        8.3679036096516259E-033
   992.50000000000000        8.3342299959623439E-033
   993.50000000000000        8.3007255961551795E-033
   994.50000000000000        8.2673893908712021E-033
   995.50000000000000        8.2342203679084476E-033
   996.50000000000000        8.2012175221645525E-033
   997.50000000000000        8.1683798555798958E-033
   998.50000000000000        8.1357063770812629E-033
   999.50000000000000        8.1031961025260082E-033
