  0.50000000000000000        4.7067317298680662E-019
   1.5000000000000000        5.8107799134173657E-021
   2.5000000000000000        7.5307707677889063E-022
   3.5000000000000000        1.9603214201866166E-022
   4.5000000000000000        7.1738023622436617E-023
   5.5000000000000000        3.2147611022936042E-023
   6.5000000000000000        1.6479576099814662E-023
   7.5000000000000000        9.2972478614677857E-024
   8.5000000000000000        5.6353871839035289E-024
   9.5000000000000000        3.6116448844530554E-024
   10.500000000000000        2.4201499014649586E-024
   11.500000000000000        1.6819307141798616E-024
   12.500000000000000        1.2049233228462249E-024
   13.500000000000000        8.8565461262267419E-025
   14.500000000000000        6.6546842483653120E-025
   15.500000000000000        5.0965075291932357E-025
   16.500000000000000        3.9688408670291412E-025
   17.500000000000000        3.1365142722985867E-025
   18.500000000000000        2.5113806817386907E-025
   19.500000000000000        2.0345155678783535E-025
   20.500000000000000        1.6656510334271253E-025
   21.500000000000000        1.3767200050158130E-025
   22.500000000000000        1.1478083779589860E-025
   23.500000000000000        9.6455725894132556E-026
   24.500000000000000        8.1646039991112730E-026
   25.500000000000000        6.9572681282759617E-026
   26.500000000000000        5.9650758044637160E-026
   27.500000000000000        5.1436177636697676E-026
   28.500000000000000        4.4588208450037723E-026
   29.500000000000000        3.8842877833449594E-026
   30.500000000000000        3.3993830565207749E-026
   31.500000000000000        2.9878393845246407E-026
   32.500000000000000        2.6367321759703465E-026
   33.500000000000000        2.3357170699675053E-026
   34.500000000000000        2.0764576718269896E-026
   35.500000000000000        1.8521921984885873E-026
   36.500000000000000        1.6574025587951264E-026
   37.500000000000000        1.4875596578348455E-026
   38.500000000000000        1.3389259068278236E-026
   39.500000000000000        1.2084010120205056E-026
   40.500000000000000        1.0934007563242893E-026
   41.500000000000000        9.9176111389782761E-027
   42.500000000000000        9.0166194942456454E-027
   43.500000000000000        8.2156595658831015E-027
   44.500000000000000        7.5016952771388365E-027
   45.500000000000000        6.8636301956745795E-027
   46.500000000000000        6.2919846039422669E-027
   47.500000000000000        5.7786318151248885E-027
   48.500000000000000        5.3165819000247686E-027
   49.500000000000000        4.8998035395421499E-027
   50.500000000000000        4.5230766791568163E-027
   51.500000000000000        4.1818701800015820E-027
   52.500000000000000        3.8722398423439340E-027
   53.500000000000000        3.5907431011085141E-027
   54.500000000000000        3.3343674191590427E-027
   55.500000000000000        3.1004699774551738E-027
   56.500000000000000        2.8867267160908335E-027
   57.500000000000000        2.6910891426877785E-027
   58.500000000000000        2.5117476146646342E-027
   59.500000000000000        2.3471000349452429E-027
   60.500000000000000        2.1957250886507783E-027
   61.500000000000000        2.0563593005273147E-027
   62.500000000000000        1.9278773165539603E-027
   63.500000000000000        1.8092749140537038E-027
   64.500000000000000        1.6996543271800159E-027
   65.500000000000000        1.5982115424296043E-027
   66.500000000000000        1.5042252746576658E-027
   67.500000000000000        1.4170473801962789E-027
   68.500000000000000        1.3360945018996281E-027
   69.500000000000000        1.2608407727071048E-027
   70.500000000000000        1.1908114307917599E-027
   71.500000000000000        1.1255772214886048E-027
   72.500000000000000        1.0647494797384499E-027
   73.500000000000000        1.0079758023594162E-027
   74.500000000000000        9.5493623257678767E-028
   75.500000000000000        9.0533989031715198E-028
   76.500000000000000        8.5892199114518039E-028
   77.500000000000000        8.1544120467091774E-028
   78.500000000000000        7.7467731001322857E-028
   79.500000000000000        7.3642911166218714E-028
   80.500000000000000        7.0051258399827639E-028
   81.500000000000000        6.6675921693108975E-028
   82.500000000000000        6.3501453872466260E-028
   83.500000000000000        6.0513679517237863E-028
   84.500000000000000        5.7699576694844943E-028
   85.500000000000000        5.5047170925972493E-028
   86.500000000000000        5.2545439990530373E-028
   87.500000000000000        5.0184228356777384E-028
   88.500000000000000        4.7954170164752582E-028
   89.500000000000000        4.5846619824310300E-028
   90.500000000000000        4.3853589400369098E-028
   91.500000000000000        4.1967692055812034E-028
   92.500000000000000        4.0182090907819051E-028
   93.500000000000000        3.8490452727979843E-028
   94.500000000000000        3.6886905981785688E-028
   95.500000000000000        3.5366002760279355E-028
   96.500000000000000        3.3922684206824120E-028
   97.500000000000000        3.2552249086053659E-028
   98.500000000000000        3.1250325180876028E-028
   99.500000000000000        3.0012843237605471E-028
   100.50000000000000        2.8836013209475375E-028
   101.50000000000000        2.7716302575449030E-028
   102.50000000000000        2.6650416534833998E-028
   103.50000000000000        2.5635279899098636E-028
   104.50000000000000        2.4668020520818628E-028
   105.50000000000000        2.3745954116132736E-028
   106.50000000000000        2.2866570351710956E-028
   107.50000000000000        2.2027520080253010E-028
   108.50000000000000        2.1226603620130097E-028
   109.50000000000000        2.0461759985125014E-028
   110.50000000000000        1.9731056979459855E-028
   111.50000000000000        1.9032682081554415E-028
   112.50000000000000        1.8364934047343773E-028
   113.50000000000000        1.7726215170598220E-028
   114.50000000000000        1.7115024143619536E-028
   115.50000000000000        1.6529949467010169E-028
   116.50000000000000        1.5969663361993305E-028
   117.50000000000000        1.5432916143061209E-028
   118.50000000000000        1.4918531012598832E-028
   119.50000000000000        1.4425399242615484E-028
   120.50000000000000        1.3952475711860546E-028
   121.50000000000000        1.3498774769435671E-028
   122.50000000000000        1.3063366398578038E-028
   123.50000000000000        1.2645372656605357E-028
   124.50000000000000        1.2243964369108982E-028
   125.50000000000000        1.1858358058379177E-028
   126.50000000000000        1.1487813087766284E-028
   127.50000000000000        1.1131629005241538E-028
   128.50000000000000        1.0789143070837001E-028
   129.50000000000000        1.0459727953930409E-028
   130.50000000000000        1.0142789587510001E-028
   131.50000000000000        9.8377651676182567E-029
   132.50000000000000        9.5441212871419454E-029
   133.50000000000000        9.2613521939985627E-029
   134.50000000000000        8.9889781645737032E-029
   135.50000000000000        8.7265439839981998E-029
   136.50000000000000        8.4736175255241723E-029
   137.50000000000000        8.2297884218716270E-029
   138.50000000000000        7.9946668219772283E-029
   139.50000000000000        7.7678822270892184E-029
   140.50000000000000        7.5490824006215282E-029
   141.50000000000000        7.3379323466098159E-029
   142.50000000000000        7.1341133520060353E-029
   143.50000000000000        6.9373220884095172E-029
   144.50000000000000        6.7472697691640763E-029
   145.50000000000000        6.5636813580552690E-029
   146.50000000000000        6.3862948261217365E-029
   147.50000000000000        6.2148604533519354E-029
   148.50000000000000        6.0491401722742595E-029
   149.50000000000000        5.8889069506665084E-029
   150.50000000000000        5.7339442108113824E-029
   151.50000000000000        5.5840452829096499E-029
   152.50000000000000        5.4390128904332403E-029
   153.50000000000000        5.2986586653578566E-029
   154.50000000000000        5.1628026913599776E-029
   155.50000000000000        5.0312730731972843E-029
   156.50000000000000        4.9039055306155217E-029
   157.50000000000000        4.7805430152394249E-029
   158.50000000000000        4.6610353490113659E-029
   159.50000000000000        4.5452388828395006E-029
   160.50000000000000        4.4330161742080415E-029
   161.50000000000000        4.3242356825864818E-029
   162.50000000000000        4.2187714815525544E-029
   163.50000000000000        4.1165029866161023E-029
   164.50000000000000        4.0173146977981071E-029
   165.50000000000000        3.9210959560814264E-029
   166.50000000000000        3.8277407129076215E-029
   167.50000000000000        3.7371473119480085E-029
   168.50000000000000        3.6492182824269652E-029
   169.50000000000000        3.5638601433220168E-029
   170.50000000000000        3.4809832178083712E-029
   171.50000000000000        3.4005014573557992E-029
   172.50000000000000        3.3223322749231832E-029
   173.50000000000000        3.2463963867309159E-029
   174.50000000000000        3.1726176621238047E-029
   175.50000000000000        3.1009229810674494E-029
   176.50000000000000        3.0312420988492718E-029
   177.50000000000000        2.9635075175817397E-029
   178.50000000000000        2.8976543641299298E-029
   179.50000000000000        2.8336202741085057E-029
   180.50000000000000        2.7713452816146711E-029
   181.50000000000000        2.7107717143836771E-029
   182.50000000000000        2.6518440940722021E-029
   183.50000000000000        2.5945090413924497E-029
   184.50000000000000        2.5387151858361914E-029
   185.50000000000000        2.4844130797433221E-029
   186.50000000000000        2.4315551164838584E-029
   187.50000000000000        2.3800954525357529E-029
   188.50000000000000        2.3299899332534971E-029
   189.50000000000000        2.2811960221342903E-029
   190.50000000000000        2.2336727333996344E-029
   191.50000000000000        2.1873805677205671E-029
   192.50000000000000        2.1422814509245178E-029
   193.50000000000000        2.0983386755308840E-029
   194.50000000000000        2.0555168449710216E-029
   195.50000000000000        2.0137818203563915E-029
   196.50000000000000        1.9731006696661782E-029
   197.50000000000000        1.9334416192328087E-029
   198.50000000000000        1.8947740074104810E-029
   199.50000000000000        1.8570682403181061E-029
   200.50000000000000        1.8202957495539757E-029
   201.50000000000000        1.7844289517850341E-029
   202.50000000000000        1.7494412101188627E-029
   203.50000000000000        1.7153067971714302E-029
   204.50000000000000        1.6820008597482865E-029
   205.50000000000000        1.6494993850612691E-029
   206.50000000000000        1.6177791684068968E-029
   207.50000000000000        1.5868177822365243E-029
   208.50000000000000        1.5565935465519815E-029
   209.50000000000000        1.5270855005638896E-029
   210.50000000000000        1.4982733755530915E-029
   211.50000000000000        1.4701375688787159E-029
   212.50000000000000        1.4426591190793034E-029
   213.50000000000000        1.4158196820161495E-029
   214.50000000000000        1.3896015080106232E-029
   215.50000000000000        1.3639874199296552E-029
   216.50000000000000        1.3389607921759042E-029
   217.50000000000000        1.3145055305412963E-029
   218.50000000000000        1.2906060528846935E-029
   219.50000000000000        1.2672472705964048E-029
   220.50000000000000        1.2444145708140943E-029
   221.50000000000000        1.2220937993563992E-029
   222.50000000000000        1.2002712443422138E-029
   223.50000000000000        1.1789336204651698E-029
   224.50000000000000        1.1580680538943232E-029
   225.50000000000000        1.1376620677734614E-029
   226.50000000000000        1.1177035682927802E-029
   227.50000000000000        1.0981808313079326E-029
   228.50000000000000        1.0790824894826581E-029
   229.50000000000000        1.0603975199323215E-029
   230.50000000000000        1.0421152323467772E-029
   231.50000000000000        1.0242252575719824E-029
   232.50000000000000        1.0067175366307626E-029
   233.50000000000000        9.8958231016403451E-030
   234.50000000000000        9.7281010827467941E-030
   235.50000000000000        9.5639174075707232E-030
   236.50000000000000        9.4031828769606783E-030
   237.50000000000000        9.2458109041998216E-030
   238.50000000000000        9.0917174279282354E-030
   239.50000000000000        8.9408208283169528E-030
   240.50000000000000        8.7930418463593390E-030
   241.50000000000000        8.6483035061515606E-030
   242.50000000000000        8.5065310400396306E-030
   243.50000000000000        8.3676518165160372E-030
   244.50000000000000        8.2315952707541950E-030
   245.50000000000000        8.0982928376739194E-030
   246.50000000000000        7.9676778874358685E-030
   247.50000000000000        7.8396856632674397E-030
   248.50000000000000        7.7142532215268117E-030
   249.50000000000000        7.5913193739160190E-030
   250.50000000000000        7.4708246317577605E-030
   251.50000000000000        7.3527111522543649E-030
   252.50000000000000        7.2369226866509061E-030
   253.50000000000000        7.1234045302277709E-030
   254.50000000000000        7.0121034740512443E-030
   255.50000000000000        6.9029677584136865E-030
   256.50000000000000        6.7959470278978388E-030
   257.50000000000000        6.6909922880025312E-030
   258.50000000000000        6.5880558632697602E-030
   259.50000000000000        6.4870913568556016E-030
   260.50000000000000        6.3880536114898579E-030
   261.50000000000000        6.2908986717716450E-030
   262.50000000000000        6.1955837477502941E-030
   263.50000000000000        6.1020671797431012E-030
   264.50000000000000        6.0103084043434007E-030
   265.50000000000000        5.9202679215743937E-030
   266.50000000000000        5.8319072631459862E-030
   267.50000000000000        5.7451889617736219E-030
   268.50000000000000        5.6600765215197903E-030
   269.50000000000000        5.5765343891204649E-030
   270.50000000000000        5.4945279262602701E-030
   271.50000000000000        5.4140233827616172E-030
   272.50000000000000        5.3349878706544677E-030
   273.50000000000000        5.2573893390946882E-030
   274.50000000000000        5.1811965501002520E-030
   275.50000000000000        5.1063790550757838E-030
   276.50000000000000        5.0329071720970661E-030
   277.50000000000000        4.9607519639282774E-030
   278.50000000000000        4.8898852167458080E-030
   279.50000000000000        4.8202794195434790E-030
   280.50000000000000        4.7519077441950425E-030
   281.50000000000000        4.6847440261506996E-030
   282.50000000000000        4.6187627457453340E-030
   283.50000000000000        4.5539390100969978E-030
   284.50000000000000        4.4902485355750035E-030
   285.50000000000000        4.4276676308177791E-030
   286.50000000000000        4.3661731802814020E-030
   287.50000000000000        4.3057426283004460E-030
   288.50000000000000        4.2463539636434742E-030
   289.50000000000000        4.1879857045461876E-030
   290.50000000000000        4.1306168842058623E-030
   291.50000000000000        4.0742270367213410E-030
   292.50000000000000        4.0187961834634153E-030
   293.50000000000000        3.9643048198610167E-030
   294.50000000000000        3.9107339025891728E-030
   295.50000000000000        3.8580648371451884E-030
   296.50000000000000        3.8062794658000326E-030
   297.50000000000000        3.7553600559123892E-030
   298.50000000000000        3.7052892885932685E-030
   299.50000000000000        3.6560502477095463E-030
   300.50000000000000        3.6076264092151991E-030
   301.50000000000000        3.5600016307994287E-030
   302.50000000000000        3.5131601418412452E-030
   303.50000000000000        3.4670865336604650E-030
   304.50000000000000        3.4217657500554358E-030
   305.50000000000000        3.3771830781181528E-030
   306.50000000000000        3.3333241393177512E-030
   307.50000000000000        3.2901748808437040E-030
   308.50000000000000        3.2477215672003307E-030
   309.50000000000000        3.2059507720445537E-030
   310.50000000000000        3.1648493702590912E-030
   311.50000000000000        3.1244045302535758E-030
   312.50000000000000        3.0846037064863360E-030
   313.50000000000000        3.0454346321998308E-030
   314.50000000000000        3.0068853123629876E-030
   315.50000000000000        2.9689440168139061E-030
   316.50000000000000        2.9315992735966341E-030
   317.50000000000000        2.8948398624859263E-030
   318.50000000000000        2.8586548086941190E-030
   319.50000000000000        2.8230333767544388E-030
   320.50000000000000        2.7879650645752745E-030
   321.50000000000000        2.7534395976601125E-030
   322.50000000000000        2.7194469234880256E-030
   323.50000000000000        2.6859772060497789E-030
   324.50000000000000        2.6530208205347718E-030
   325.50000000000000        2.6205683481642091E-030
   326.50000000000000        2.5886105711660417E-030
   327.50000000000000        2.5571384678873671E-030
   328.50000000000000        2.5261432080401253E-030
   329.50000000000000        2.4956161480760637E-030
   330.50000000000000        2.4655488266870740E-030
   331.50000000000000        2.4359329604271422E-030
   332.50000000000000        2.4067604394522652E-030
   333.50000000000000        2.3780233233748137E-030
   334.50000000000000        2.3497138372289400E-030
   335.50000000000000        2.3218243675437299E-030
   336.50000000000000        2.2943474585209122E-030
   337.50000000000000        2.2672758083140461E-030
   338.50000000000000        2.2406022654061943E-030
   339.50000000000000        2.2143198250832022E-030
   340.50000000000000        2.1884216259997803E-030
   341.50000000000000        2.1629009468356886E-030
   342.50000000000000        2.1377512030394048E-030
   343.50000000000000        2.1129659436567327E-030
   344.50000000000000        2.0885388482419090E-030
   345.50000000000000        2.0644637238488177E-030
   346.50000000000000        2.0407345021000208E-030
   347.50000000000000        2.0173452363313678E-030
   348.50000000000000        1.9942900988100300E-030
   349.50000000000000        1.9715633780238647E-030
   350.50000000000000        1.9491594760400850E-030
   351.50000000000000        1.9270729059312704E-030
   352.50000000000000        1.9052982892668162E-030
   353.50000000000000        1.8838303536679787E-030
   354.50000000000000        1.8626639304247307E-030
   355.50000000000000        1.8417939521726957E-030
   356.50000000000000        1.8212154506284768E-030
   357.50000000000000        1.8009235543817679E-030
   358.50000000000000        1.7809134867426526E-030
   359.50000000000000        1.7611805636425756E-030
   360.50000000000000        1.7417201915874977E-030
   361.50000000000000        1.7225278656617957E-030
   362.50000000000000        1.7035991675815198E-030
   363.50000000000000        1.6849297637956483E-030
   364.50000000000000        1.6665154036340333E-030
   365.50000000000000        1.6483519175007639E-030
   366.50000000000000        1.6304352151117125E-030
   367.50000000000000        1.6127612837750662E-030
   368.50000000000000        1.5953261867136845E-030
   369.50000000000000        1.5781260614281500E-030
   370.50000000000000        1.5611571180994265E-030
   371.50000000000000        1.5444156380300547E-030
   372.50000000000000        1.5278979721228602E-030
   373.50000000000000        1.5116005393961707E-030
   374.50000000000000        1.4955198255345746E-030
   375.50000000000000        1.4796523814742741E-030
   376.50000000000000        1.4639948220221204E-030
   377.50000000000000        1.4485438245074431E-030
   378.50000000000000        1.4332961274658069E-030
   379.50000000000000        1.4182485293538621E-030
   380.50000000000000        1.4033978872944724E-030
   381.50000000000000        1.3887411158513299E-030
   382.50000000000000        1.3742751858322888E-030
   383.50000000000000        1.3599971231206749E-030
   384.50000000000000        1.3459040075338418E-030
   385.50000000000000        1.3319929717082717E-030
   386.50000000000000        1.3182612000105394E-030
   387.50000000000000        1.3047059274734683E-030
   388.50000000000000        1.2913244387568404E-030
   389.50000000000000        1.2781140671320241E-030
   390.50000000000000        1.2650721934899169E-030
   391.50000000000000        1.2521962453716052E-030
   392.50000000000000        1.2394836960211658E-030
   393.50000000000000        1.2269320634600495E-030
   394.50000000000000        1.2145389095825007E-030
   395.50000000000000        1.2023018392714843E-030
   396.50000000000000        1.1902184995346014E-030
   397.50000000000000        1.1782865786594996E-030
   398.50000000000000        1.1665038053882813E-030
   399.50000000000000        1.1548679481104458E-030
   400.50000000000000        1.1433768140738966E-030
   401.50000000000000        1.1320282486135688E-030
   402.50000000000000        1.1208201343972422E-030
   403.50000000000000        1.1097503906881115E-030
   404.50000000000000        1.0988169726237055E-030
   405.50000000000000        1.0880178705107488E-030
   406.50000000000000        1.0773511091355801E-030
   407.50000000000000        1.0668147470897436E-030
   408.50000000000000        1.0564068761103836E-030
   409.50000000000000        1.0461256204350828E-030
   410.50000000000000        1.0359691361707964E-030
   411.50000000000000        1.0259356106765327E-030
   412.50000000000000        1.0160232619594601E-030
   413.50000000000000        1.0062303380841048E-030
   414.50000000000000        9.9655511659433258E-031
   415.50000000000000        9.8699590394780596E-031
   416.50000000000000        9.7755103496261684E-031
   417.50000000000000        9.6821887227580577E-031
   418.50000000000000        9.5899780581348369E-031
   419.50000000000000        9.4988625227228195E-031
   420.50000000000000        9.4088265461186035E-031
   421.50000000000000        9.3198548155821340E-031
   422.50000000000000        9.2319322711751904E-031
   423.50000000000000        9.1450441010028260E-031
   424.50000000000000        9.0591757365553287E-031
   425.50000000000000        8.9743128481483806E-031
   426.50000000000000        8.8904413404590744E-031
   427.50000000000000        8.8075473481555996E-031
   428.50000000000000        8.7256172316183867E-031
   429.50000000000000        8.6446375727506082E-031
   430.50000000000000        8.5645951708759477E-031
   431.50000000000000        8.4854770387216511E-031
   432.50000000000000        8.4072703984848584E-031
   433.50000000000000        8.3299626779803425E-031
   434.50000000000000        8.2535415068677377E-031
   435.50000000000000        8.1779947129564977E-031
   436.50000000000000        8.1033103185867531E-031
   437.50000000000000        8.0294765370843821E-031
   438.50000000000000        7.9564817692885788E-031
   439.50000000000000        7.8843146001502924E-031
   440.50000000000000        7.8129637953999287E-031
   441.50000000000000        7.7424182982827436E-031
   442.50000000000000        7.6726672263604139E-031
   443.50000000000000        7.6036998683773010E-031
   444.50000000000000        7.5355056811899369E-031
   445.50000000000000        7.4680742867583442E-031
   446.50000000000000        7.4013954691977927E-031
   447.50000000000000        7.3354591718896480E-031
   448.50000000000000        7.2702554946500099E-031
   449.50000000000000        7.2057746909548477E-031
   450.50000000000000        7.1420071652203831E-031
   451.50000000000000        7.0789434701375094E-031
   452.50000000000000        7.0165743040590550E-031
   453.50000000000000        6.9548905084387194E-031
   454.50000000000000        6.8938830653205552E-031
   455.50000000000000        6.8335430948779012E-031
   456.50000000000000        6.7738618530006670E-031
   457.50000000000000        6.7148307289299264E-031
   458.50000000000000        6.6564412429387936E-031
   459.50000000000000        6.5986850440585749E-031
   460.50000000000000        6.5415539078492054E-031
   461.50000000000000        6.4850397342130434E-031
   462.50000000000000        6.4291345452510479E-031
   463.50000000000000        6.3738304831604661E-031
   464.50000000000000        6.3191198081731133E-031
   465.50000000000000        6.2649948965333849E-031
   466.50000000000000        6.2114482385151655E-031
   467.50000000000000        6.1584724364767754E-031
   468.50000000000000        6.1060602029531686E-031
   469.50000000000000        6.0542043587845952E-031
   470.50000000000000        6.0028978312809263E-031
   471.50000000000000        5.9521336524209282E-031
   472.50000000000000        5.9019049570857096E-031
   473.50000000000000        5.8522049813256463E-031
   474.50000000000000        5.8030270606600826E-031
   475.50000000000000        5.7543646284090939E-031
   476.50000000000000        5.7062112140566804E-031
   477.50000000000000        5.6585604416446971E-031
   478.50000000000000        5.6114060281969132E-031
   479.50000000000000        5.5647417821725443E-031
   480.50000000000000        5.5185616019486682E-031
   481.50000000000000        5.4728594743309152E-031
   482.50000000000000        5.4276294730918586E-031
   483.50000000000000        5.3828657575365151E-031
   484.50000000000000        5.3385625710944215E-031
   485.50000000000000        5.2947142399377255E-031
   486.50000000000000        5.2513151716247606E-031
   487.50000000000000        5.2083598537685860E-031
   488.50000000000000        5.1658428527299878E-031
   489.50000000000000        5.1237588123344286E-031
   490.50000000000000        5.0821024526124717E-031
   491.50000000000000        5.0408685685632013E-031
   492.50000000000000        5.0000520289401641E-031
   493.50000000000000        4.9596477750593913E-031
   494.50000000000000        4.9196508196290502E-031
   495.50000000000000        4.8800562456002774E-031
   496.50000000000000        4.8408592050387978E-031
   497.50000000000000        4.8020549180168761E-031
   498.50000000000000        4.7636386715252285E-031
   499.50000000000000        4.7256058184044715E-031
   500.50000000000000        4.6879517762957313E-031
   501.50000000000000        4.6506720266100260E-031
   502.50000000000000        4.6137621135160603E-031
   503.50000000000000        4.5772176429460451E-031
   504.50000000000000        4.5410342816192163E-031
   505.50000000000000        4.5052077560826722E-031
   506.50000000000000        4.4697338517692150E-031
   507.50000000000000        4.4346084120718449E-031
   508.50000000000000        4.3998273374345889E-031
   509.50000000000000        4.3653865844593417E-031
   510.50000000000000        4.3312821650284072E-031
   511.50000000000000        4.2975101454424328E-031
   512.50000000000000        4.2640666455734405E-031
   513.50000000000000        4.2309478380326516E-031
   514.50000000000000        4.1981499473528380E-031
   515.50000000000000        4.1656692491848979E-031
   516.50000000000000        4.1335020695083945E-031
   517.50000000000000        4.1016447838557817E-031
   518.50000000000000        4.0700938165500591E-031
   519.50000000000000        4.0388456399555966E-031
   520.50000000000000        4.0078967737418712E-031
   521.50000000000000        3.9772437841598821E-031
   522.50000000000000        3.9468832833309803E-031
   523.50000000000000        3.9168119285479070E-031
   524.50000000000000        3.8870264215877737E-031
   525.50000000000000        3.8575235080367873E-031
   526.50000000000000        3.8282999766264809E-031
   527.50000000000000        3.7993526585812374E-031
   528.50000000000000        3.7706784269768930E-031
   529.50000000000000        3.7422741961102118E-031
   530.50000000000000        3.7141369208790277E-031
   531.50000000000000        3.6862635961728522E-031
   532.50000000000000        3.6586512562737527E-031
   533.50000000000000        3.6312969742673102E-031
   534.50000000000000        3.6041978614634648E-031
   535.50000000000000        3.5773510668270737E-031
   536.50000000000000        3.5507537764179874E-031
   537.50000000000000        3.5244032128404811E-031
   538.50000000000000        3.4982966347018590E-031
   539.50000000000000        3.4724313360800658E-031
   540.50000000000000        3.4468046460001412E-031
   541.50000000000000        3.4214139279193469E-031
   542.50000000000000        3.3962565792208151E-031
   543.50000000000000        3.3713300307155585E-031
   544.50000000000000        3.3466317461526878E-031
   545.50000000000000        3.3221592217376866E-031
   546.50000000000000        3.2979099856586038E-031
   547.50000000000000        3.2738815976200023E-031
   548.50000000000000        3.2500716483845467E-031
   549.50000000000000        3.2264777593220684E-031
   550.50000000000000        3.2030975819659872E-031
   551.50000000000000        3.1799287975769540E-031
   552.50000000000000        3.1569691167135766E-031
   553.50000000000000        3.1342162788101125E-031
   554.50000000000000        3.1116680517609941E-031
   555.50000000000000        3.0893222315120662E-031
   556.50000000000000        3.0671766416584220E-031
   557.50000000000000        3.0452291330487065E-031
   558.50000000000000        3.0234775833957846E-031
   559.50000000000000        3.0019198968936522E-031
   560.50000000000000        2.9805540038404856E-031
   561.50000000000000        2.9593778602677129E-031
   562.50000000000000        2.9383894475750039E-031
   563.50000000000000        2.9175867721710801E-031
   564.50000000000000        2.8969678651202309E-031
   565.50000000000000        2.8765307817944406E-031
   566.50000000000000        2.8562736015310310E-031
   567.50000000000000        2.8361944272957151E-031
   568.50000000000000        2.8162913853509756E-031
   569.50000000000000        2.7965626249296644E-031
   570.50000000000000        2.7770063179137435E-031
   571.50000000000000        2.7576206585180669E-031
   572.50000000000000        2.7384038629791255E-031
   573.50000000000000        2.7193541692486593E-031
   574.50000000000000        2.7004698366920580E-031
   575.50000000000000        2.6817491457914713E-031
   576.50000000000000        2.6631903978535309E-031
   577.50000000000000        2.6447919147216270E-031
   578.50000000000000        2.6265520384926428E-031
   579.50000000000000        2.6084691312380778E-031
   580.50000000000000        2.5905415747294866E-031
   581.50000000000000        2.5727677701681522E-031
   582.50000000000000        2.5551461379189285E-031
   583.50000000000000        2.5376751172481744E-031
   584.50000000000000        2.5203531660657166E-031
   585.50000000000000        2.5031787606707647E-031
   586.50000000000000        2.4861503955017177E-031
   587.50000000000000        2.4692665828897934E-031
   588.50000000000000        2.4525258528164155E-031
   589.50000000000000        2.4359267526742944E-031
   590.50000000000000        2.4194678470321413E-031
   591.50000000000000        2.4031477174029547E-031
   592.50000000000000        2.3869649620158133E-031
   593.50000000000000        2.3709181955911248E-031
   594.50000000000000        2.3550060491192685E-031
   595.50000000000000        2.3392271696425688E-031
   596.50000000000000        2.3235802200405625E-031
   597.50000000000000        2.3080638788184778E-031
   598.50000000000000        2.2926768398988959E-031
   599.50000000000000        2.2774178124165308E-031
   600.50000000000000        2.2622855205160732E-031
   601.50000000000000        2.2472787031530567E-031
   602.50000000000000        2.2323961138976874E-031
   603.50000000000000        2.2176365207415948E-031
   604.50000000000000        2.2029987059074493E-031
   605.50000000000000        2.1884814656614062E-031
   606.50000000000000        2.1740836101283225E-031
   607.50000000000000        2.1598039631097071E-031
   608.50000000000000        2.1456413619043556E-031
   609.50000000000000        2.1315946571316265E-031
   610.50000000000000        2.1176627125573209E-031
   611.50000000000000        2.1038444049221102E-031
   612.50000000000000        2.0901386237724857E-031
   613.50000000000000        2.0765442712941806E-031
   614.50000000000000        2.0630602621480240E-031
   615.50000000000000        2.0496855233081894E-031
   616.50000000000000        2.0364189939028015E-031
   617.50000000000000        2.0232596250568568E-031
   618.50000000000000        2.0102063797374277E-031
   619.50000000000000        1.9972582326011077E-031
   620.50000000000000        1.9844141698436637E-031
   621.50000000000000        1.9716731890518637E-031
   622.50000000000000        1.9590342990574375E-031
   623.50000000000000        1.9464965197931416E-031
   624.50000000000000        1.9340588821508958E-031
   625.50000000000000        1.9217204278419524E-031
   626.50000000000000        1.9094802092590712E-031
   627.50000000000000        1.8973372893406681E-031
   628.50000000000000        1.8852907414369010E-031
   629.50000000000000        1.8733396491776674E-031
   630.50000000000000        1.8614831063424841E-031
   631.50000000000000        1.8497202167322115E-031
   632.50000000000000        1.8380500940426055E-031
   633.50000000000000        1.8264718617396543E-031
   634.50000000000000        1.8149846529366865E-031
   635.50000000000000        1.8035876102732100E-031
   636.50000000000000        1.7922798857954631E-031
   637.50000000000000        1.7810606408386463E-031
   638.50000000000000        1.7699290459108117E-031
   639.50000000000000        1.7588842805783813E-031
   640.50000000000000        1.7479255333532710E-031
   641.50000000000000        1.7370520015815942E-031
   642.50000000000000        1.7262628913339203E-031
   643.50000000000000        1.7155574172970658E-031
   644.50000000000000        1.7049348026673922E-031
   645.50000000000000        1.6943942790455869E-031
   646.50000000000000        1.6839350863329078E-031
   647.50000000000000        1.6735564726288652E-031
   648.50000000000000        1.6632576941303204E-031
   649.50000000000000        1.6530380150319805E-031
   650.50000000000000        1.6428967074282650E-031
   651.50000000000000        1.6328330512165259E-031
   652.50000000000000        1.6228463340016002E-031
   653.50000000000000        1.6129358510016720E-031
   654.50000000000000        1.6031009049554287E-031
   655.50000000000000        1.5933408060304859E-031
   656.50000000000000        1.5836548717330682E-031
   657.50000000000000        1.5740424268189210E-031
   658.50000000000000        1.5645028032054382E-031
   659.50000000000000        1.5550353398849856E-031
   660.50000000000000        1.5456393828394040E-031
   661.50000000000000        1.5363142849556720E-031
   662.50000000000000        1.5270594059427113E-031
   663.50000000000000        1.5178741122493189E-031
   664.50000000000000        1.5087577769832089E-031
   665.50000000000000        1.4997097798311443E-031
   666.50000000000000        1.4907295069801476E-031
   667.50000000000000        1.4818163510397699E-031
   668.50000000000000        1.4729697109654045E-031
   669.50000000000000        1.4641889919826275E-031
   670.50000000000000        1.4554736055125556E-031
   671.50000000000000        1.4468229690981976E-031
   672.50000000000000        1.4382365063317925E-031
   673.50000000000000        1.4297136467831151E-031
   674.50000000000000        1.4212538259287355E-031
   675.50000000000000        1.4128564850822207E-031
   676.50000000000000        1.4045210713252611E-031
   677.50000000000000        1.3962470374397118E-031
   678.50000000000000        1.3880338418405306E-031
   679.50000000000000        1.3798809485096053E-031
   680.50000000000000        1.3717878269304512E-031
   681.50000000000000        1.3637539520237722E-031
   682.50000000000000        1.3557788040838676E-031
   683.50000000000000        1.3478618687158750E-031
   684.50000000000000        1.3400026367738368E-031
   685.50000000000000        1.3322006042995778E-031
   686.50000000000000        1.3244552724623826E-031
   687.50000000000000        1.3167661474994603E-031
   688.50000000000000        1.3091327406571871E-031
   689.50000000000000        1.3015545681331123E-031
   690.50000000000000        1.2940311510187200E-031
   691.50000000000000        1.2865620152429348E-031
   692.50000000000000        1.2791466915163566E-031
   693.50000000000000        1.2717847152762227E-031
   694.50000000000000        1.2644756266320772E-031
   695.50000000000000        1.2572189703121436E-031
   696.50000000000000        1.2500142956103906E-031
   697.50000000000000        1.2428611563342748E-031
   698.50000000000000        1.2357591107531615E-031
   699.50000000000000        1.2287077215474020E-031
   700.50000000000000        1.2217065557580674E-031
   701.50000000000000        1.2147551847373241E-031
   702.50000000000000        1.2078531840994447E-031
   703.50000000000000        1.2010001336724437E-031
   704.50000000000000        1.1941956174503301E-031
   705.50000000000000        1.1874392235459676E-031
   706.50000000000000        1.1807305441445338E-031
   707.50000000000000        1.1740691754575705E-031
   708.50000000000000        1.1674547176776172E-031
   709.50000000000000        1.1608867749334173E-031
   710.50000000000000        1.1543649552456904E-031
   711.50000000000000        1.1478888704834670E-031
   712.50000000000000        1.1414581363209658E-031
   713.50000000000000        1.1350723721950222E-031
   714.50000000000000        1.1287312012630462E-031
   715.50000000000000        1.1224342503615106E-031
   716.50000000000000        1.1161811499649582E-031
   717.50000000000000        1.1099715341455227E-031
   718.50000000000000        1.1038050405329571E-031
   719.50000000000000        1.0976813102751577E-031
   720.50000000000000        1.0915999879991835E-031
   721.50000000000000        1.0855607217727580E-031
   722.50000000000000        1.0795631630662523E-031
   723.50000000000000        1.0736069667151387E-031
   724.50000000000000        1.0676917908829087E-031
   725.50000000000000        1.0618172970244523E-031
   726.50000000000000        1.0559831498498885E-031
   727.50000000000000        1.0501890172888432E-031
   728.50000000000000        1.0444345704551662E-031
   729.50000000000000        1.0387194836120845E-031
   730.50000000000000        1.0330434341377822E-031
   731.50000000000000        1.0274061024914049E-031
   732.50000000000000        1.0218071721794779E-031
   733.50000000000000        1.0162463297227401E-031
   734.50000000000000        1.0107232646233793E-031
   735.50000000000000        1.0052376693326692E-031
   736.50000000000000        9.9978923921900216E-032
   737.50000000000000        9.9437767253630953E-032
   738.50000000000000        9.8900267039286687E-032
   739.50000000000000        9.8366393672047770E-032
   740.50000000000000        9.7836117824403170E-032
   741.50000000000000        9.7309410445143131E-032
   742.50000000000000        9.6786242756388148E-032
   743.50000000000000        9.6266586250653935E-032
   744.50000000000000        9.5750412687951734E-032
   745.50000000000000        9.5237694092923601E-032
   746.50000000000000        9.4728402752012112E-032
   747.50000000000000        9.4222511210664137E-032
   748.50000000000000        9.3719992270568147E-032
   749.50000000000000        9.3220818986924550E-032
   750.50000000000000        9.2724964665748839E-032
   751.50000000000000        9.2232402861206914E-032
   752.50000000000000        9.1743107372982126E-032
   753.50000000000000        9.1257052243673801E-032
   754.50000000000000        9.0774211756226726E-032
   755.50000000000000        9.0294560431391234E-032
   756.50000000000000        8.9818073025213254E-032
   757.50000000000000        8.9344724526554395E-032
   758.50000000000000        8.8874490154641191E-032
   759.50000000000000        8.8407345356643456E-032
   760.50000000000000        8.7943265805281123E-032
   761.50000000000000        8.7482227396459415E-032
   762.50000000000000        8.7024206246931839E-032
   763.50000000000000        8.6569178691990678E-032
   764.50000000000000        8.6117121283184545E-032
   765.50000000000000        8.5668010786062881E-032
   766.50000000000000        8.5221824177946760E-032
   767.50000000000000        8.4778538645725703E-032
   768.50000000000000        8.4338131583680536E-032
   769.50000000000000        8.3900580591331351E-032
   770.50000000000000        8.3465863471310692E-032
   771.50000000000000        8.3033958227261522E-032
   772.50000000000000        8.2604843061759647E-032
   773.50000000000000        8.2178496374260118E-032
   774.50000000000000        8.1754896759067632E-032
   775.50000000000000        8.1334023003330369E-032
   776.50000000000000        8.0915854085056965E-032
   777.50000000000000        8.0500369171156562E-032
   778.50000000000000        8.0087547615501251E-032
   779.50000000000000        7.9677368957011098E-032
   780.50000000000000        7.9269812917760992E-032
   781.50000000000000        7.8864859401109362E-032
   782.50000000000000        7.8462488489848345E-032
   783.50000000000000        7.8062680444375176E-032
   784.50000000000000        7.7665415700884517E-032
   785.50000000000000        7.7270674869581413E-032
   786.50000000000000        7.6878438732914752E-032
   787.50000000000000        7.6488688243830798E-032
   788.50000000000000        7.6101404524046589E-032
   789.50000000000000        7.5716568862343129E-032
   790.50000000000000        7.5334162712877805E-032
   791.50000000000000        7.4954167693516024E-032
   792.50000000000000        7.4576565584181868E-032
   793.50000000000000        7.4201338325227163E-032
   794.50000000000000        7.3828468015819327E-032
   795.50000000000000        7.3457936912347066E-032
   796.50000000000000        7.3089727426844359E-032
   797.50000000000000        7.2723822125432008E-032
   798.50000000000000        7.2360203726776737E-032
   799.50000000000000        7.1998855100567735E-032
   800.50000000000000        7.1639759266010124E-032
   801.50000000000000        7.1282899390335427E-032
   802.50000000000000        7.0928258787328666E-032
   803.50000000000000        7.0575820915871940E-032
   804.50000000000000        7.0225569378504250E-032
   805.50000000000000        6.9877487919997412E-032
   806.50000000000000        6.9531560425947781E-032
   807.50000000000000        6.9187770921383712E-032
   808.50000000000000        6.8846103569388453E-032
   809.50000000000000        6.8506542669738342E-032
   810.50000000000000        6.8169072657555998E-032
   811.50000000000000        6.7833678101978631E-032
   812.50000000000000        6.7500343704840877E-032
   813.50000000000000        6.7169054299372204E-032
   814.50000000000000        6.6839794848908862E-032
   815.50000000000000        6.6512550445619746E-032
   816.50000000000000        6.6187306309246576E-032
   817.50000000000000        6.5864047785857643E-032
   818.50000000000000        6.5542760346615361E-032
   819.50000000000000        6.5223429586557443E-032
   820.50000000000000        6.4906041223391216E-032
   821.50000000000000        6.4590581096301168E-032
   822.50000000000000        6.4277035164769714E-032
   823.50000000000000        6.3965389507410514E-032
   824.50000000000000        6.3655630320814749E-032
   825.50000000000000        6.3347743918409856E-032
   826.50000000000000        6.3041716729330656E-032
   827.50000000000000        6.2737535297302824E-032
   828.50000000000000        6.2435186279538279E-032
   829.50000000000000        6.2134656445642791E-032
   830.50000000000000        6.1835932676535213E-032
   831.50000000000000        6.1539001963378446E-032
   832.50000000000000        6.1243851406521950E-032
   833.50000000000000        6.0950468214455689E-032
   834.50000000000000        6.0658839702775244E-032
   835.50000000000000        6.0368953293158117E-032
   836.50000000000000        6.0080796512351046E-032
   837.50000000000000        5.9794356991168136E-032
   838.50000000000000        5.9509622463499741E-032
   839.50000000000000        5.9226580765331968E-032
   840.50000000000000        5.8945219833776642E-032
   841.50000000000000        5.8665527706111632E-032
   842.50000000000000        5.8387492518831433E-032
   843.50000000000000        5.8111102506707815E-032
   844.50000000000000        5.7836346001860480E-032
   845.50000000000000        5.7563211432837656E-032
   846.50000000000000        5.7291687323706335E-032
   847.50000000000000        5.7021762293152270E-032
   848.50000000000000        5.6753425053589393E-032
   849.50000000000000        5.6486664410278781E-032
   850.50000000000000        5.6221469260456767E-032
   851.50000000000000        5.5957828592472403E-032
   852.50000000000000        5.5695731484933933E-032
   853.50000000000000        5.5435167105864253E-032
   854.50000000000000        5.5176124711865236E-032
   855.50000000000000        5.4918593647290956E-032
   856.50000000000000        5.4662563343429373E-032
   857.50000000000000        5.4408023317692786E-032
   858.50000000000000        5.4154963172816609E-032
   859.50000000000000        5.3903372596066697E-032
   860.50000000000000        5.3653241358454723E-032
   861.50000000000000        5.3404559313961945E-032
   862.50000000000000        5.3157316398770934E-032
   863.50000000000000        5.2911502630505332E-032
   864.50000000000000        5.2667108107477529E-032
   865.50000000000000        5.2424123007944121E-032
   866.50000000000000        5.2182537589369084E-032
   867.50000000000000        5.1942342187694658E-032
   868.50000000000000        5.1703527216619601E-032
   869.50000000000000        5.1466083166885109E-032
   870.50000000000000        5.1230000605567959E-032
   871.50000000000000        5.0995270175381019E-032
   872.50000000000000        5.0761882593980876E-032
   873.50000000000000        5.0529828653282690E-032
   874.50000000000000        5.0299099218781994E-032
   875.50000000000000        5.0069685228883544E-032
   876.50000000000000        4.9841577694236945E-032
   877.50000000000000        4.9614767697079193E-032
   878.50000000000000        4.9389246390583825E-032
   879.50000000000000        4.9165004998216806E-032
   880.50000000000000        4.8942034813098967E-032
   881.50000000000000        4.8720327197374899E-032
   882.50000000000000        4.8499873581588344E-032
   883.50000000000000        4.8280665464063862E-032
   884.50000000000000        4.8062694410294845E-032
   885.50000000000000        4.7845952052337706E-032
   886.50000000000000        4.7630430088212194E-032
   887.50000000000000        4.7416120281307839E-032
   888.50000000000000        4.7203014459796298E-032
   889.50000000000000        4.6991104516049788E-032
   890.50000000000000        4.6780382406065191E-032
   891.50000000000000        4.6570840148894178E-032
   892.50000000000000        4.6362469826078879E-032
   893.50000000000000        4.6155263581093347E-032
   894.50000000000000        4.5949213618790591E-032
   895.50000000000000        4.5744312204855167E-032
   896.50000000000000        4.5540551665261246E-032
   897.50000000000000        4.5337924385736091E-032
   898.50000000000000        4.5136422811228965E-032
   899.50000000000000        4.4936039445385263E-032
   900.50000000000000        4.4736766850025927E-032
   901.50000000000000        4.4538597644632085E-032
   902.50000000000000        4.4341524505834737E-032
   903.50000000000000        4.4145540166909593E-032
   904.50000000000000        4.3950637417276898E-032
   905.50000000000000        4.3756809102006221E-032
   906.50000000000000        4.3564048121326146E-032
   907.50000000000000        4.3372347430138836E-032
   908.50000000000000        4.3181700037539372E-032
   909.50000000000000        4.2992099006339883E-032
   910.50000000000000        4.2803537452598332E-032
   911.50000000000000        4.2616008545151936E-032
   912.50000000000000        4.2429505505155236E-032
   913.50000000000000        4.2244021605622663E-032
   914.50000000000000        4.2059550170975643E-032
   915.50000000000000        4.1876084576594067E-032
   916.50000000000000        4.1693618248372256E-032
   917.50000000000000        4.1512144662279194E-032
   918.50000000000000        4.1331657343923132E-032
   919.50000000000000        4.1152149868120388E-032
   920.50000000000000        4.0973615858468373E-032
   921.50000000000000        4.0796048986922820E-032
   922.50000000000000        4.0619442973379060E-032
   923.50000000000000        4.0443791585257441E-032
   924.50000000000000        4.0269088637092745E-032
   925.50000000000000        4.0095327990127537E-032
   926.50000000000000        3.9922503551909614E-032
   927.50000000000000        3.9750609275893150E-032
   928.50000000000000        3.9579639161043872E-032
   929.50000000000000        3.9409587251447949E-032
   930.50000000000000        3.9240447635924725E-032
   931.50000000000000        3.9072214447643095E-032
   932.50000000000000        3.8904881863741735E-032
   933.50000000000000        3.8738444104952785E-032
   934.50000000000000        3.8572895435229335E-032
   935.50000000000000        3.8408230161376371E-032
   936.50000000000000        3.8244442632685316E-032
   937.50000000000000        3.8081527240572050E-032
   938.50000000000000        3.7919478418218419E-032
   939.50000000000000        3.7758290640217140E-032
   940.50000000000000        3.7597958422220133E-032
   941.50000000000000        3.7438476320590184E-032
   942.50000000000000        3.7279838932055946E-032
   943.50000000000000        3.7122040893370215E-032
   944.50000000000000        3.6965076880971450E-032
   945.50000000000000        3.6808941610648537E-032
   946.50000000000000        3.6653629837208717E-032
   947.50000000000000        3.6499136354148640E-032
   948.50000000000000        3.6345455993328609E-032
   949.50000000000000        3.6192583624649803E-032
   950.50000000000000        3.6040514155734640E-032
   951.50000000000000        3.5889242531610111E-032
   952.50000000000000        3.5738763734394150E-032
   953.50000000000000        3.5589072782984866E-032
   954.50000000000000        3.5440164732752798E-032
   955.50000000000000        3.5292034675236034E-032
   956.50000000000000        3.5144677737838163E-032
   957.50000000000000        3.4998089083529076E-032
   958.50000000000000        3.4852263910548630E-032
   959.50000000000000        3.4707197452112987E-032
   960.50000000000000        3.4562884976123773E-032
   961.50000000000000        3.4419321784879934E-032
   962.50000000000000        3.4276503214792284E-032
   963.50000000000000        3.4134424636100703E-032
   964.50000000000000        3.3993081452593979E-032
   965.50000000000000        3.3852469101332286E-032
   966.50000000000000        3.3712583052372160E-032
   967.50000000000000        3.3573418808494147E-032
   968.50000000000000        3.3434971904932865E-032
   969.50000000000000        3.3297237909109658E-032
   970.50000000000000        3.3160212420367639E-032
   971.50000000000000        3.3023891069709286E-032
   972.50000000000000        3.2888269519536342E-032
   973.50000000000000        3.2753343463392250E-032
   974.50000000000000        3.2619108625706826E-032
   975.50000000000000        3.2485560761543419E-032
   976.50000000000000        3.2352695656348262E-032
   977.50000000000000        3.2220509125702260E-032
   978.50000000000000        3.2088997015074950E-032
   979.50000000000000        3.1958155199580767E-032
   980.50000000000000        3.1827979583737553E-032
   981.50000000000000        3.1698466101227269E-032
   982.50000000000000        3.1569610714658852E-032
   983.50000000000000        3.1441409415333313E-032
   984.50000000000000        3.1313858223010930E-032
   985.50000000000000        3.1186953185680556E-032
   986.50000000000000        3.1060690379331093E-032
   987.50000000000000        3.0935065907724938E-032
   988.50000000000000        3.0810075902173622E-032
   989.50000000000000        3.0685716521315365E-032
   990.50000000000000        3.0561983950894691E-032
   991.50000000000000        3.0438874403544124E-032
   992.50000000000000        3.0316384118567692E-032
   993.50000000000000        3.0194509361726557E-032
   994.50000000000000        3.0073246425026450E-032
   995.50000000000000        2.9952591626507136E-032
   996.50000000000000        2.9832541310033686E-032
   997.50000000000000        2.9713091845089695E-032
   998.50000000000000        2.9594239626572305E-032
   999.50000000000000        2.9475981074589129E-032
