  0.50000000000000000        6.1087208799761796E-019
   1.5000000000000000        7.5416307160199754E-021
   2.5000000000000000        9.7739534079618872E-022
   3.5000000000000000        2.5442402665456809E-022
   4.5000000000000000        9.3106552049629322E-023
   5.5000000000000000        4.1723385560932862E-023
   6.5000000000000000        2.1388329820301039E-023
   7.5000000000000000        1.2066609145631960E-023
   8.5000000000000000        7.3139939416148989E-024
   9.5000000000000000        4.6874416862794028E-024
   10.500000000000000        3.1410373661057788E-024
   11.500000000000000        2.1829256184676940E-024
   12.500000000000000        1.5638325452739019E-024
   13.500000000000000        1.1494636055509794E-024
   14.500000000000000        8.6369079333054039E-025
   15.500000000000000        6.6145987800777460E-025
   16.500000000000000        5.1510352544361554E-025
   17.500000000000000        4.0707844264730893E-025
   18.500000000000000        3.2594429613977558E-025
   19.500000000000000        2.6405345457161777E-025
   20.500000000000000        2.1617967266078697E-025
   21.500000000000000        1.7868021215555337E-025
   22.500000000000000        1.4897048327940694E-025
   23.500000000000000        1.2518688988022333E-025
   24.500000000000000        1.0596585866495964E-025
   25.500000000000000        9.0296221501418513E-026
   26.500000000000000        7.7418865592302667E-026
   27.500000000000000        6.6757416897492573E-026
   28.500000000000000        5.7869650447893856E-026
   29.500000000000000        5.0412964340801431E-026
   30.500000000000000        4.4119536545134240E-026
   31.500000000000000        3.8778239087725668E-026
   32.500000000000000        3.4221327712481664E-026
   33.500000000000000        3.0314546173268374E-026
   34.500000000000000        2.6949698993428324E-026
   35.500000000000000        2.4039027091423740E-026
   36.500000000000000        2.1510912876527034E-026
   37.500000000000000        1.9306574633011136E-026
   38.500000000000000        1.7377503357323140E-026
   39.500000000000000        1.5683461300057836E-026
   40.500000000000000        1.4190908710505917E-026
   41.500000000000000        1.2871759369608082E-026
   42.500000000000000        1.1702390306583839E-026
   43.500000000000000        1.0662849300377042E-026
   44.500000000000000        9.7362172319859918E-027
   45.500000000000000        8.9080923866310046E-027
   46.500000000000000        8.1661713334293155E-027
   47.500000000000000        7.4999066980470431E-027
   48.500000000000000        6.9002264685468075E-027
   49.500000000000000        6.3593027832545128E-027
   50.500000000000000        5.8703606955888816E-027
   51.500000000000000        5.4275193811909654E-027
   52.500000000000000        5.0256597857692460E-027
   53.500000000000000        4.6603139110685724E-027
   54.500000000000000        4.3275718787354985E-027
   55.500000000000000        4.0240036560466126E-027
   56.500000000000000        3.7465929178554319E-027
   57.500000000000000        3.4926809895483105E-027
   58.500000000000000        3.2599191922421951E-027
   59.500000000000000        3.0462282139170758E-027
   60.500000000000000        2.8497633741501851E-027
   61.500000000000000        2.6688848476640362E-027
   62.500000000000000        2.5021320724382430E-027
   63.500000000000000        2.3482016990602467E-027
   64.500000000000000        2.2059285451302883E-027
   65.500000000000000        2.0742691065021305E-027
   66.500000000000000        1.9522872495957528E-027
   67.500000000000000        1.8391417688815669E-027
   68.500000000000000        1.7340755432441895E-027
   69.500000000000000        1.6364060661636836E-027
   70.500000000000000        1.5455171590151026E-027
   71.500000000000000        1.4608517055051596E-027
   72.500000000000000        1.3819052693288647E-027
   73.500000000000000        1.3082204773451808E-027
   74.500000000000000        1.2393820675968562E-027
   75.500000000000000        1.1750125158738875E-027
   76.500000000000000        1.1147681666841791E-027
   77.500000000000000        1.0583358048124393E-027
   78.500000000000000        1.0054296124190276E-027
   79.500000000000000        9.5578846410250225E-028
   80.500000000000000        9.0917351872873551E-028
   81.500000000000000        8.6536607228678533E-028
   82.500000000000000        8.2416564070978498E-028
   83.500000000000000        7.8538824561709137E-028
   84.500000000000000        7.4886487939151427E-028
   85.500000000000000        7.1444012898634391E-028
   86.500000000000000        6.8197094043149492E-028
   87.500000000000000        6.5132550823569432E-028
   88.500000000000000        6.2238227581236335E-028
   89.500000000000000        5.9502903473307717E-028
   90.500000000000000        5.6916211207016453E-028
   91.500000000000000        5.4468563635968203E-028
   92.500000000000000        5.2151087382364101E-028
   93.500000000000000        4.9955562745815855E-028
   94.500000000000000        4.7874369244105766E-028
   95.500000000000000        4.5900436205457907E-028
   96.500000000000000        4.4027197897015762E-028
   97.500000000000000        4.2248552731458841E-028
   98.500000000000000        4.0558826144062773E-028
   99.500000000000000        3.8952736776895426E-028
   100.50000000000000        3.7425365646010339E-028
   101.50000000000000        3.5972128002104975E-028
   102.50000000000000        3.4588747625725915E-028
   103.50000000000000        3.3271233325220149E-028
   104.50000000000000        3.2015857429679684E-028
   105.50000000000000        3.0819136090478309E-028
   106.50000000000000        2.9677811223979932E-028
   107.50000000000000        2.8588833944888540E-028
   108.50000000000000        2.7549349354759458E-028
   109.50000000000000        2.6556682563613626E-028
   110.50000000000000        2.5608325834581769E-028
   111.50000000000000        2.4701926752217717E-028
   112.50000000000000        2.3835277324705109E-028
   113.50000000000000        2.3006303938767115E-028
   114.50000000000000        2.2213058093785971E-028
   115.50000000000000        2.1453707848547087E-028
   116.50000000000000        2.0726529920228450E-028
   117.50000000000000        2.0029902380835732E-028
   118.50000000000000        1.9362297901305969E-028
   119.50000000000000        1.8722277498026830E-028
   120.50000000000000        1.8108484740597728E-028
   121.50000000000000        1.7519640383340636E-028
   122.50000000000000        1.6954537386393543E-028
   123.50000000000000        1.6412036295225664E-028
   124.50000000000000        1.5891060950133434E-028
   125.50000000000000        1.5390594499739037E-028
   126.50000000000000        1.4909675694745536E-028
   127.50000000000000        1.4447395440226962E-028
   128.50000000000000        1.4002893586569416E-028
   129.50000000000000        1.3575355940848630E-028
   130.50000000000000        1.3164011481946966E-028
   131.50000000000000        1.2768129764093553E-028
   132.50000000000000        1.2387018494768428E-028
   133.50000000000000        1.2020021274056781E-028
   134.50000000000000        1.1666515483583881E-028
   135.50000000000000        1.1325910314113991E-028
   136.50000000000000        1.0997644921766672E-028
   137.50000000000000        1.0681186703598812E-028
   138.50000000000000        1.0376029684027487E-028
   139.50000000000000        1.0081693004233723E-028
   140.50000000000000        9.7977195072960070E-029
   141.50000000000000        9.5236744123601200E-029
   142.50000000000000        9.2591440716630165E-029
   143.50000000000000        9.0037348046974986E-029
   144.50000000000000        8.7570718042347421E-029
   145.50000000000000        8.5187981093170465E-029
   146.50000000000000        8.2885736406963752E-029
   147.50000000000000        8.0660742945282296E-029
   148.50000000000000        7.8509910904376702E-029
   149.50000000000000        7.6430293703571099E-029
   150.50000000000000        7.4419080447960588E-029
   151.50000000000000        7.2473588834430632E-029
   152.50000000000000        7.0591258472214783E-029
   153.50000000000000        6.8769644591249221E-029
   154.50000000000000        6.7006412113468709E-029
   155.50000000000000        6.5299330063928865E-029
   156.50000000000000        6.3646266300249514E-029
   157.50000000000000        6.2045182540361073E-029
   158.50000000000000        6.0494129669911969E-029
   159.50000000000000        5.8991243311969161E-029
   160.50000000000000        5.7534739642821889E-029
   161.50000000000000        5.6122911438792669E-029
   162.50000000000000        5.4754124339970664E-029
   163.50000000000000        5.3426813317722198E-029
   164.50000000000000        5.2139479333704005E-029
   165.50000000000000        5.0890686178912918E-029
   166.50000000000000        4.9679057482056945E-029
   167.50000000000000        4.8503273877229401E-029
   168.50000000000000        4.7362070321516447E-029
   169.50000000000000        4.6254233553770768E-029
   170.50000000000000        4.5178599686344826E-029
   171.50000000000000        4.4134051922098978E-029
   172.50000000000000        4.3119518389485319E-029
   173.50000000000000        4.2133970088960774E-029
   174.50000000000000        4.1176418944404453E-029
   175.50000000000000        4.0245915953607345E-029
   176.50000000000000        3.9341549432269031E-029
   177.50000000000000        3.8462443346277984E-029
   178.50000000000000        3.7607755727371308E-029
   179.50000000000000        3.6776677167567535E-029
   180.50000000000000        3.5968429388044920E-029
   181.50000000000000        3.5182263878397346E-029
   182.50000000000000        3.4417460602443258E-029
   183.50000000000000        3.3673326766990619E-029
   184.50000000000000        3.2949195650173292E-029
   185.50000000000000        3.2244425486173539E-029
   186.50000000000000        3.1558398403331598E-029
   187.50000000000000        3.0890519412817820E-029
   188.50000000000000        3.0240215445206418E-029
   189.50000000000000        2.9606934432443119E-029
   190.50000000000000        2.8990144432842555E-029
   191.50000000000000        2.8389332796886066E-029
   192.50000000000000        2.7804005371717026E-029
   193.50000000000000        2.7233685742349242E-029
   194.50000000000000        2.6677914507715550E-029
   195.50000000000000        2.6136248589788128E-029
   196.50000000000000        2.5608260574100375E-029
   197.50000000000000        2.5093538080092537E-029
   198.50000000000000        2.4591683159789931E-029
   199.50000000000000        2.4102311723404357E-029
   200.50000000000000        2.3625052990525883E-029
   201.50000000000000        2.3159548965644570E-029
   202.50000000000000        2.2705453936809469E-029
   203.50000000000000        2.2262433996296398E-029
   204.50000000000000        2.1830166582216185E-029
   205.50000000000000        2.1408340040051724E-029
   206.50000000000000        2.0996653203165944E-029
   207.50000000000000        2.0594814991372930E-029
   208.50000000000000        2.0202544026712144E-029
   209.50000000000000        1.9819568265610491E-029
   210.50000000000000        1.9445624646659255E-029
   211.50000000000000        1.9080458753272873E-029
   212.50000000000000        1.8723824490534143E-029
   213.50000000000000        1.8375483775566114E-029
   214.50000000000000        1.8035206240804439E-029
   215.50000000000000        1.7702768949575723E-029
   216.50000000000000        1.7377956123417440E-029
   217.50000000000000        1.7060558880603268E-029
   218.50000000000000        1.6750374985364555E-029
   219.50000000000000        1.6447208607323950E-029
   220.50000000000000        1.6150870090681245E-029
   221.50000000000000        1.5861175732714043E-029
   222.50000000000000        1.5577947571177588E-029
   223.50000000000000        1.5301013180208100E-029
   224.50000000000000        1.5030205474353500E-029
   225.50000000000000        1.4765362520373400E-029
   226.50000000000000        1.4506327356467745E-029
   227.50000000000000        1.4252947818609606E-029
   228.50000000000000        1.4005076373673339E-029
   229.50000000000000        1.3762569959063939E-029
   230.50000000000000        1.3525289828567368E-029
   231.50000000000000        1.3293101404154877E-029
   232.50000000000000        1.3065874133486905E-029
   233.50000000000000        1.2843481352874028E-029
   234.50000000000000        1.2625800155463712E-029
   235.50000000000000        1.2412711264432440E-029
   236.50000000000000        1.2204098910972840E-029
   237.50000000000000        1.1999850716875270E-029
   238.50000000000000        1.1799857581512373E-029
   239.50000000000000        1.1604013573043955E-029
   240.50000000000000        1.1412215823667784E-029
   241.50000000000000        1.1224364428749821E-029
   242.50000000000000        1.1040362349674892E-029
   243.50000000000000        1.0860115320265967E-029
   244.50000000000000        1.0683531756626980E-029
   245.50000000000000        1.0510522670270589E-029
   246.50000000000000        1.0341001584398421E-029
   247.50000000000000        1.0174884453207219E-029
   248.50000000000000        1.0012089584099851E-029
   249.50000000000000        9.8525375626854275E-030
   250.50000000000000        9.6961511804579175E-030
   251.50000000000000        9.5428553650473256E-030
   252.50000000000000        9.3925771129422120E-030
   253.50000000000000        9.2452454245865963E-030
   254.50000000000000        9.1007912417585444E-030
   255.50000000000000        8.9591473871416226E-030
   256.50000000000000        8.8202485060042461E-030
   257.50000000000000        8.6840310099055452E-030
   258.50000000000000        8.5504330223497922E-030
   259.50000000000000        8.4193943263147525E-030
   260.50000000000000        8.2908563135824150E-030
   261.50000000000000        8.1647619358036108E-030
   262.50000000000000        8.0410556572307936E-030
   263.50000000000000        7.9196834090561004E-030
   264.50000000000000        7.8005925452942716E-030
   265.50000000000000        7.6837318001526336E-030
   266.50000000000000        7.5690512468326370E-030
   267.50000000000000        7.4565022577097154E-030
   268.50000000000000        7.3460374658404592E-030
   269.50000000000000        7.2376107277480798E-030
   270.50000000000000        7.1311770874392215E-030
   271.50000000000000        7.0266927416069704E-030
   272.50000000000000        6.9241150059767976E-030
   273.50000000000000        6.8234022827538808E-030
   274.50000000000000        6.7245140291318761E-030
   275.50000000000000        6.6274107268248432E-030
   276.50000000000000        6.5320538525855203E-030
   277.50000000000000        6.4384058496745804E-030
   278.50000000000000        6.3464301002469226E-030
   279.50000000000000        6.2560908986223653E-030
   280.50000000000000        6.1673534254093647E-030
   281.50000000000000        6.0801837224516368E-030
   282.50000000000000        5.9945486685686910E-030
   283.50000000000000        5.9104159560624390E-030
   284.50000000000000        5.8277540679630725E-030
   285.50000000000000        5.7465322559884656E-030
   286.50000000000000        5.6667205191923342E-030
   287.50000000000000        5.5882895832772969E-030
   288.50000000000000        5.5112108805499342E-030
   289.50000000000000        5.4354565304957724E-030
   290.50000000000000        5.3609993209529706E-030
   291.50000000000000        5.2878126898642625E-030
   292.50000000000000        5.2158707075875114E-030
   293.50000000000000        5.1451480597459112E-030
   294.50000000000000        5.0756200305996311E-030
   295.50000000000000        5.0072624869213301E-030
   296.50000000000000        4.9400518623586386E-030
   297.50000000000000        4.8739651422673207E-030
   298.50000000000000        4.8089798489994357E-030
   299.50000000000000        4.7450740276313609E-030
   300.50000000000000        4.6822262321171469E-030
   301.50000000000000        4.6204155118531283E-030
   302.50000000000000        4.5596213986402959E-030
   303.50000000000000        4.4998238940313682E-030
   304.50000000000000        4.4410034570499966E-030
   305.50000000000000        4.3831409922699944E-030
   306.50000000000000        4.3262178382428758E-030
   307.50000000000000        4.2702157562624582E-030
   308.50000000000000        4.2151169194556452E-030
   309.50000000000000        4.1609039021888933E-030
   310.50000000000000        4.1075596697802652E-030
   311.50000000000000        4.0550675685072854E-030
   312.50000000000000        4.0034113159011892E-030
   313.50000000000000        3.9525749913184800E-030
   314.50000000000000        3.9025430267809963E-030
   315.50000000000000        3.8533001980760517E-030
   316.50000000000000        3.8048316161084334E-030
   317.50000000000000        3.7571227184963954E-030
   318.50000000000000        3.7101592614039998E-030
   319.50000000000000        3.6639273116024603E-030
   320.50000000000000        3.6184132387533610E-030
   321.50000000000000        3.5736037079068916E-030
   322.50000000000000        3.5294856722084618E-030
   323.50000000000000        3.4860463658072765E-030
   324.50000000000000        3.4432732969606877E-030
   325.50000000000000        3.4011542413283283E-030
   326.50000000000000        3.3596772354502386E-030
   327.50000000000000        3.3188305704034088E-030
   328.50000000000000        3.2786027856313114E-030
   329.50000000000000        3.2389826629412137E-030
   330.50000000000000        3.1999592206642049E-030
   331.50000000000000        3.1615217079730576E-030
   332.50000000000000        3.1236595993532040E-030
   333.50000000000000        3.0863625892222384E-030
   334.50000000000000        3.0496205866935451E-030
   335.50000000000000        3.0134237104797650E-030
   336.50000000000000        2.9777622839319643E-030
   337.50000000000000        2.9426268302105070E-030
   338.50000000000000        2.9080080675837484E-030
   339.50000000000000        2.8738969048508155E-030
   340.50000000000000        2.8402844368848292E-030
   341.50000000000000        2.8071619402930748E-030
   342.50000000000000        2.7745208691907032E-030
   343.50000000000000        2.7423528510846875E-030
   344.50000000000000        2.7106496828648395E-030
   345.50000000000000        2.6794033268988021E-030
   346.50000000000000        2.6486059072280353E-030
   347.50000000000000        2.6182497058618938E-030
   348.50000000000000        2.5883271591669993E-030
   349.50000000000000        2.5588308543491914E-030
   350.50000000000000        2.5297535260254269E-030
   351.50000000000000        2.5010880528830778E-030
   352.50000000000000        2.4728274544241642E-030
   353.50000000000000        2.4449648877921208E-030
   354.50000000000000        2.4174936446787885E-030
   355.50000000000000        2.3904071483093787E-030
   356.50000000000000        2.3636989505032308E-030
   357.50000000000000        2.3373627288082552E-030
   358.50000000000000        2.3113922837070160E-030
   359.50000000000000        2.2857815358924637E-030
   360.50000000000000        2.2605245236113977E-030
   361.50000000000000        2.2356154000737937E-030
   362.50000000000000        2.2110484309261836E-030
   363.50000000000000        2.1868179917873339E-030
   364.50000000000000        2.1629185658445235E-030
   365.50000000000000        2.1393447415087625E-030
   366.50000000000000        2.1160912101273627E-030
   367.50000000000000        2.0931527637522893E-030
   368.50000000000000        2.0705242929628016E-030
   369.50000000000000        2.0482007847409095E-030
   370.50000000000000        2.0261773203982302E-030
   371.50000000000000        2.0044490735528675E-030
   372.50000000000000        1.9830113081549699E-030
   373.50000000000000        1.9618593765596830E-030
   374.50000000000000        1.9409887176462194E-030
   375.50000000000000        1.9203948549818333E-030
   376.50000000000000        1.9000733950295107E-030
   377.50000000000000        1.8800200253982196E-030
   378.50000000000000        1.8602305131345995E-030
   379.50000000000000        1.8407007030550046E-030
   380.50000000000000        1.8214265161168447E-030
   381.50000000000000        1.8024039478281960E-030
   382.50000000000000        1.7836290666946865E-030
   383.50000000000000        1.7650980127026866E-030
   384.50000000000000        1.7468069958378653E-030
   385.50000000000000        1.7287522946381992E-030
   386.50000000000000        1.7109302547805429E-030
   387.50000000000000        1.6933372876999028E-030
   388.50000000000000        1.6759698692405715E-030
   389.50000000000000        1.6588245383383103E-030
   390.50000000000000        1.6418978957327874E-030
   391.50000000000000        1.6251866027095022E-030
   392.50000000000000        1.6086873798704442E-030
   393.50000000000000        1.5923970059327674E-030
   394.50000000000000        1.5763123165547597E-030
   395.50000000000000        1.5604302031884348E-030
   396.50000000000000        1.5447476119580629E-030
   397.50000000000000        1.5292615425640035E-030
   398.50000000000000        1.5139690472111967E-030
   399.50000000000000        1.4988672295617067E-030
   400.50000000000000        1.4839532437107135E-030
   401.50000000000000        1.4692242931853724E-030
   402.50000000000000        1.4546776299659770E-030
   403.50000000000000        1.4403105535288743E-030
   404.50000000000000        1.4261204099105935E-030
   405.50000000000000        1.4121045907926716E-030
   406.50000000000000        1.3982605326066654E-030
   407.50000000000000        1.3845857156588567E-030
   408.50000000000000        1.3710776632741720E-030
   409.50000000000000        1.3577339409588483E-030
   410.50000000000000        1.3445521555813892E-030
   411.50000000000000        1.3315299545713692E-030
   412.50000000000000        1.3186650251356557E-030
   413.50000000000000        1.3059550934916277E-030
   414.50000000000000        1.2933979241169836E-030
   415.50000000000000        1.2809913190157392E-030
   416.50000000000000        1.2687331170000316E-030
   417.50000000000000        1.2566211929873461E-030
   418.50000000000000        1.2446534573128053E-030
   419.50000000000000        1.2328278550561581E-030
   420.50000000000000        1.2211423653831226E-030
   421.50000000000000        1.2095950009007418E-030
   422.50000000000000        1.1981838070264228E-030
   423.50000000000000        1.1869068613703394E-030
   424.50000000000000        1.1757622731308791E-030
   425.50000000000000        1.1647481825028343E-030
   426.50000000000000        1.1538627600980371E-030
   427.50000000000000        1.1431042063781504E-030
   428.50000000000000        1.1324707510993261E-030
   429.50000000000000        1.1219606527684653E-030
   430.50000000000000        1.1115721981108023E-030
   431.50000000000000        1.1013037015485557E-030
   432.50000000000000        1.0911535046903918E-030
   433.50000000000000        1.0811199758314496E-030
   434.50000000000000        1.0712015094636867E-030
   435.50000000000000        1.0613965257963088E-030
   436.50000000000000        1.0517034702860552E-030
   437.50000000000000        1.0421208131771109E-030
   438.50000000000000        1.0326470490504323E-030
   439.50000000000000        1.0232806963822684E-030
   440.50000000000000        1.0140202971116716E-030
   441.50000000000000        1.0048644162167957E-030
   442.50000000000000        9.9581164129978143E-031
   443.50000000000000        9.8686058218003744E-031
   444.50000000000000        9.7800987049572981E-031
   445.50000000000000        9.6925815931329257E-031
   446.50000000000000        9.6060412274478635E-031
   447.50000000000000        9.5204645557292336E-031
   448.50000000000000        9.4358387288359380E-031
   449.50000000000000        9.3521510970572454E-031
   450.50000000000000        9.2693892065830964E-031
   451.50000000000000        9.1875407960445171E-031
   452.50000000000000        9.1065937931226342E-031
   453.50000000000000        9.0265363112247443E-031
   454.50000000000000        8.9473566462260061E-031
   455.50000000000000        8.8690432732752766E-031
   456.50000000000000        8.7915848436637400E-031
   457.50000000000000        8.7149701817549117E-031
   458.50000000000000        8.6391882819747202E-031
   459.50000000000000        8.5642283058603509E-031
   460.50000000000000        8.4900795791665708E-031
   461.50000000000000        8.4167315890283045E-031
   462.50000000000000        8.3441739811782547E-031
   463.50000000000000        8.2723965572183580E-031
   464.50000000000000        8.2013892719439519E-031
   465.50000000000000        8.1311422307195031E-031
   466.50000000000000        8.0616456869047973E-031
   467.50000000000000        7.9928900393305367E-031
   468.50000000000000        7.9248658298222511E-031
   469.50000000000000        7.8575637407715459E-031
   470.50000000000000        7.7909745927536457E-031
   471.50000000000000        7.7250893421902775E-031
   472.50000000000000        7.6598990790569210E-031
   473.50000000000000        7.5953950246335113E-031
   474.50000000000000        7.5315685292976566E-031
   475.50000000000000        7.4684110703595038E-031
   476.50000000000000        7.4059142499373668E-031
   477.50000000000000        7.3440697928732647E-031
   478.50000000000000        7.2828695446875507E-031
   479.50000000000000        7.2223054695718021E-031
   480.50000000000000        7.1623696484191981E-031
   481.50000000000000        7.1030542768915911E-031
   482.50000000000000        7.0443516635225213E-031
   483.50000000000000        6.9862542278554354E-031
   484.50000000000000        6.9287544986163777E-031
   485.50000000000000        6.8718451119204581E-031
   486.50000000000000        6.8155188095113861E-031
   487.50000000000000        6.7597684370334147E-031
   488.50000000000000        6.7045869423350261E-031
   489.50000000000000        6.6499673738036958E-031
   490.50000000000000        6.5959028787311360E-031
   491.50000000000000        6.5423867017083692E-031
   492.50000000000000        6.4894121830500438E-031
   493.50000000000000        6.4369727572474088E-031
   494.50000000000000        6.3850619514493362E-031
   495.50000000000000        6.3336733839708782E-031
   496.50000000000000        6.2828007628287557E-031
   497.50000000000000        6.2324378843032683E-031
   498.50000000000000        6.1825786315260941E-031
   499.50000000000000        6.1332169730934498E-031
   500.50000000000000        6.0843469617041209E-031
   501.50000000000000        6.0359627328218566E-031
   502.50000000000000        5.9880585033616547E-031
   503.50000000000000        5.9406285703994500E-031
   504.50000000000000        5.8936673099047678E-031
   505.50000000000000        5.8471691754958576E-031
   506.50000000000000        5.8011286972168955E-031
   507.50000000000000        5.7555404803367957E-031
   508.50000000000000        5.7103992041692305E-031
   509.50000000000000        5.6656996209134216E-031
   510.50000000000000        5.6214365545153182E-031
   511.50000000000000        5.5776048995487443E-031
   512.50000000000000        5.5341996201161458E-031
   513.50000000000000        5.4912157487685436E-031
   514.50000000000000        5.4486483854443179E-031
   515.50000000000000        5.4064926964264829E-031
   516.50000000000000        5.3647439133180587E-031
   517.50000000000000        5.3233973320352241E-031
   518.50000000000000        5.2824483118178951E-031
   519.50000000000000        5.2418922742573837E-031
   520.50000000000000        5.2017247023408366E-031
   521.50000000000000        5.1619411395121048E-031
   522.50000000000000        5.1225371887487491E-031
   523.50000000000000        5.0835085116548708E-031
   524.50000000000000        5.0448508275694545E-031
   525.50000000000000        5.0065599126899496E-031
   526.50000000000000        4.9686315992107822E-031
   527.50000000000000        4.9310617744765300E-031
   528.50000000000000        4.8938463801494683E-031
   529.50000000000000        4.8569814113912373E-031
   530.50000000000000        4.8204629160583443E-031
   531.50000000000000        4.7842869939112487E-031
   532.50000000000000        4.7484497958367893E-031
   533.50000000000000        4.7129475230836741E-031
   534.50000000000000        4.6777764265108258E-031
   535.50000000000000        4.6429328058483091E-031
   536.50000000000000        4.6084130089706297E-031
   537.50000000000000        4.5742134311821654E-031
   538.50000000000000        4.5403305145145105E-031
   539.50000000000000        4.5067607470354961E-031
   540.50000000000000        4.4735006621697075E-031
   541.50000000000000        4.4405468380302368E-031
   542.50000000000000        4.4078958967615131E-031
   543.50000000000000        4.3755445038929698E-031
   544.50000000000000        4.3434893677033764E-031
   545.50000000000000        4.3117272385956202E-031
   546.50000000000000        4.2802549084817643E-031
   547.50000000000000        4.2490692101781799E-031
   548.50000000000000        4.2181670168105802E-031
   549.50000000000000        4.1875452412287697E-031
   550.50000000000000        4.1572008354309397E-031
   551.50000000000000        4.1271307899973285E-031
   552.50000000000000        4.0973321335330834E-031
   553.50000000000000        4.0678019321201590E-031
   554.50000000000000        4.0385372887780888E-031
   555.50000000000000        4.0095353429334624E-031
   556.50000000000000        3.9807932698979684E-031
   557.50000000000000        3.9523082803548345E-031
   558.50000000000000        3.9240776198535253E-031
   559.50000000000000        3.8960985683125434E-031
   560.50000000000000        3.8683684395301935E-031
   561.50000000000000        3.8408845807031682E-031
   562.50000000000000        3.8136443719528170E-031
   563.50000000000000        3.7866452258589568E-031
   564.50000000000000        3.7598845870011007E-031
   565.50000000000000        3.7333599315069646E-031
   566.50000000000000        3.7070687666081316E-031
   567.50000000000000        3.6810086302027389E-031
   568.50000000000000        3.6551770904250767E-031
   569.50000000000000        3.6295717452219651E-031
   570.50000000000000        3.6041902219357990E-031
   571.50000000000000        3.5790301768941428E-031
   572.50000000000000        3.5540892950057552E-031
   573.50000000000000        3.5293652893629449E-031
   574.50000000000000        3.5048559008501320E-031
   575.50000000000000        3.4805588977585189E-031
   576.50000000000000        3.4564720754067617E-031
   577.50000000000000        3.4325932557675337E-031
   578.50000000000000        3.4089202870998886E-031
   579.50000000000000        3.3854510435873141E-031
   580.50000000000000        3.3621834249813878E-031
   581.50000000000000        3.3391153562509263E-031
   582.50000000000000        3.3162447872365520E-031
   583.50000000000000        3.2935696923105618E-031
   584.50000000000000        3.2710880700420297E-031
   585.50000000000000        3.2487979428670397E-031
   586.50000000000000        3.2266973567639665E-031
   587.50000000000000        3.2047843809337166E-031
   588.50000000000000        3.1830571074848527E-031
   589.50000000000000        3.1615136511235028E-031
   590.50000000000000        3.1401521488479966E-031
   591.50000000000000        3.1189707596481227E-031
   592.50000000000000        3.0979676642089551E-031
   593.50000000000000        3.0771410646191498E-031
   594.50000000000000        3.0564891840836517E-031
   595.50000000000000        3.0360102666407323E-031
   596.50000000000000        3.0157025768832812E-031
   597.50000000000000        2.9955643996842923E-031
   598.50000000000000        2.9755940399264633E-031
   599.50000000000000        2.9557898222358434E-031
   600.50000000000000        2.9361500907194668E-031
   601.50000000000000        2.9166732087068989E-031
   602.50000000000000        2.8973575584956367E-031
   603.50000000000000        2.8782015411002913E-031
   604.50000000000000        2.8592035760055026E-031
   605.50000000000000        2.8403621009225112E-031
   606.50000000000000        2.8216755715493375E-031
   607.50000000000000        2.8031424613345019E-031
   608.50000000000000        2.7847612612442358E-031
   609.50000000000000        2.7665304795331159E-031
   610.50000000000000        2.7484486415180742E-031
   611.50000000000000        2.7305142893557270E-031
   612.50000000000000        2.7127259818229666E-031
   613.50000000000000        2.6950822941007636E-031
   614.50000000000000        2.6775818175611269E-031
   615.50000000000000        2.6602231595571761E-031
   616.50000000000000        2.6430049432162623E-031
   617.50000000000000        2.6259258072361065E-031
   618.50000000000000        2.6089844056838912E-031
   619.50000000000000        2.5921794077982649E-031
   620.50000000000000        2.5755094977942119E-031
   621.50000000000000        2.5589733746707413E-031
   622.50000000000000        2.5425697520213495E-031
   623.50000000000000        2.5262973578472117E-031
   624.50000000000000        2.5101549343730582E-031
   625.50000000000000        2.4941412378656969E-031
   626.50000000000000        2.4782550384551319E-031
   627.50000000000000        2.4624951199582460E-031
   628.50000000000000        2.4468602797049989E-031
   629.50000000000000        2.4313493283671057E-031
   630.50000000000000        2.4159610897891556E-031
   631.50000000000000        2.4006944008221300E-031
   632.50000000000000        2.3855481111592862E-031
   633.50000000000000        2.3705210831743631E-031
   634.50000000000000        2.3556121917620833E-031
   635.50000000000000        2.3408203241809007E-031
   636.50000000000000        2.3261443798979732E-031
   637.50000000000000        2.3115832704363141E-031
   638.50000000000000        2.2971359192240945E-031
   639.50000000000000        2.2828012614460648E-031
   640.50000000000000        2.2685782438970510E-031
   641.50000000000000        2.2544658248375119E-031
   642.50000000000000        2.2404629738511060E-031
   643.50000000000000        2.2265686717042515E-031
   644.50000000000000        2.2127819102076395E-031
   645.50000000000000        2.1991016920796753E-031
   646.50000000000000        2.1855270308118175E-031
   647.50000000000000        2.1720569505357807E-031
   648.50000000000000        2.1586904858925806E-031
   649.50000000000000        2.1454266819033875E-031
   650.50000000000000        2.1322645938421641E-031
   651.50000000000000        2.1192032871100563E-031
   652.50000000000000        2.1062418371115145E-031
   653.50000000000000        2.0933793291321176E-031
   654.50000000000000        2.0806148582180695E-031
   655.50000000000000        2.0679475290573522E-031
   656.50000000000000        2.0553764558624986E-031
   657.50000000000000        2.0429007622549690E-031
   658.50000000000000        2.0305195811511056E-031
   659.50000000000000        2.0182320546496366E-031
   660.50000000000000        2.0060373339207132E-031
   661.50000000000000        1.9939345790964500E-031
   662.50000000000000        1.9819229591629483E-031
   663.50000000000000        1.9700016518537868E-031
   664.50000000000000        1.9581698435449434E-031
   665.50000000000000        1.9464267291511406E-031
   666.50000000000000        1.9347715120235855E-031
   667.50000000000000        1.9232034038490846E-031
   668.50000000000000        1.9117216245505168E-031
   669.50000000000000        1.9003254021886368E-031
   670.50000000000000        1.8890139728651977E-031
   671.50000000000000        1.8777865806273672E-031
   672.50000000000000        1.8666424773734211E-031
   673.50000000000000        1.8555809227596910E-031
   674.50000000000000        1.8446011841087577E-031
   675.50000000000000        1.8337025363188570E-031
   676.50000000000000        1.8228842617744937E-031
   677.50000000000000        1.8121456502582385E-031
   678.50000000000000        1.8014859988636916E-031
   679.50000000000000        1.7909046119095982E-031
   680.50000000000000        1.7804008008550959E-031
   681.50000000000000        1.7699738842160800E-031
   682.50000000000000        1.7596231874826672E-031
   683.50000000000000        1.7493480430377483E-031
   684.50000000000000        1.7391477900766029E-031
   685.50000000000000        1.7290217745275725E-031
   686.50000000000000        1.7189693489737701E-031
   687.50000000000000        1.7089898725758100E-031
   688.50000000000000        1.6990827109955480E-031
   689.50000000000000        1.6892472363208154E-031
   690.50000000000000        1.6794828269911285E-031
   691.50000000000000        1.6697888677243663E-031
   692.50000000000000        1.6601647494443982E-031
   693.50000000000000        1.6506098692096466E-031
   694.50000000000000        1.6411236301425773E-031
   695.50000000000000        1.6317054413600968E-031
   696.50000000000000        1.6223547179048489E-031
   697.50000000000000        1.6130708806773957E-031
   698.50000000000000        1.6038533563692692E-031
   699.50000000000000        1.5947015773968847E-031
   700.50000000000000        1.5856149818362997E-031
   701.50000000000000        1.5765930133588089E-031
   702.50000000000000        1.5676351211673614E-031
   703.50000000000000        1.5587407599337917E-031
   704.50000000000000        1.5499093897368490E-031
   705.50000000000000        1.5411404760010155E-031
   706.50000000000000        1.5324334894361036E-031
   707.50000000000000        1.5237879059776194E-031
   708.50000000000000        1.5152032067278801E-031
   709.50000000000000        1.5066788778978814E-031
   710.50000000000000        1.4982144107498948E-031
   711.50000000000000        1.4898093015407916E-031
   712.50000000000000        1.4814630514660827E-031
   713.50000000000000        1.4731751666046596E-031
   714.50000000000000        1.4649451578642325E-031
   715.50000000000000        1.4567725409274533E-031
   716.50000000000000        1.4486568361987117E-031
   717.50000000000000        1.4405975687515998E-031
   718.50000000000000        1.4325942682770314E-031
   719.50000000000000        1.4246464690320105E-031
   720.50000000000000        1.4167537097890379E-031
   721.50000000000000        1.4089155337861463E-031
   722.50000000000000        1.4011314886775588E-031
   723.50000000000000        1.3934011264849579E-031
   724.50000000000000        1.3857240035493608E-031
   725.50000000000000        1.3780996804835865E-031
   726.50000000000000        1.3705277221253160E-031
   727.50000000000000        1.3630076974907273E-031
   728.50000000000000        1.3555391797287046E-031
   729.50000000000000        1.3481217460756105E-031
   730.50000000000000        1.3407549778106134E-031
   731.50000000000000        1.3334384602115652E-031
   732.50000000000000        1.3261717825114199E-031
   733.50000000000000        1.3189545378551826E-031
   734.50000000000000        1.3117863232573903E-031
   735.50000000000000        1.3046667395601058E-031
   736.50000000000000        1.2975953913914306E-031
   737.50000000000000        1.2905718871245166E-031
   738.50000000000000        1.2835958388370810E-031
   739.50000000000000        1.2766668622714099E-031
   740.50000000000000        1.2697845767948498E-031
   741.50000000000000        1.2629486053607745E-031
   742.50000000000000        1.2561585744700272E-031
   743.50000000000000        1.2494141141328263E-031
   744.50000000000000        1.2427148578311311E-031
   745.50000000000000        1.2360604424814630E-031
   746.50000000000000        1.2294505083981702E-031
   747.50000000000000        1.2228846992571376E-031
   748.50000000000000        1.2163626620599294E-031
   749.50000000000000        1.2098840470983637E-031
   750.50000000000000        1.2034485079195093E-031
   751.50000000000000        1.1970557012911009E-031
   752.50000000000000        1.1907052871673694E-031
   753.50000000000000        1.1843969286552761E-031
   754.50000000000000        1.1781302919811512E-031
   755.50000000000000        1.1719050464577294E-031
   756.50000000000000        1.1657208644515740E-031
   757.50000000000000        1.1595774213508902E-031
   758.50000000000000        1.1534743955337183E-031
   759.50000000000000        1.1474114683365040E-031
   760.50000000000000        1.1413883240230366E-031
   761.50000000000000        1.1354046497537596E-031
   762.50000000000000        1.1294601355554363E-031
   763.50000000000000        1.1235544742911785E-031
   764.50000000000000        1.1176873616308200E-031
   765.50000000000000        1.1118584960216461E-031
   766.50000000000000        1.1060675786594596E-031
   767.50000000000000        1.1003143134599877E-031
   768.50000000000000        1.0945984070306240E-031
   769.50000000000000        1.0889195686424995E-031
   770.50000000000000        1.0832775102028785E-031
   771.50000000000000        1.0776719462278775E-031
   772.50000000000000        1.0721025938154993E-031
   773.50000000000000        1.0665691726189826E-031
   774.50000000000000        1.0610714048204581E-031
   775.50000000000000        1.0556090151049125E-031
   776.50000000000000        1.0501817306344520E-031
   777.50000000000000        1.0447892810228620E-031
   778.50000000000000        1.0394313983104632E-031
   779.50000000000000        1.0341078169392563E-031
   780.50000000000000        1.0288182737283513E-031
   781.50000000000000        1.0235625078496810E-031
   782.50000000000000        1.0183402608039923E-031
   783.50000000000000        1.0131512763971141E-031
   784.50000000000000        1.0079953007164949E-031
   785.50000000000000        1.0028720821080105E-031
   786.50000000000000        9.9778137115303560E-032
   787.50000000000000        9.9272292064577696E-032
   788.50000000000000        9.8769648557086590E-032
   789.50000000000000        9.8270182308120397E-032
   790.50000000000000        9.7773869247606179E-032
   791.50000000000000        9.7280685517942618E-032
   792.50000000000000        9.6790607471859176E-032
   793.50000000000000        9.6303611670299636E-032
   794.50000000000000        9.5819674880329521E-032
   795.50000000000000        9.5338774073067027E-032
   796.50000000000000        9.4860886421637452E-032
   797.50000000000000        9.4385989299150652E-032
   798.50000000000000        9.3914060276701095E-032
   799.50000000000000        9.3445077121390582E-032
   800.50000000000000        9.2979017794373010E-032
   801.50000000000000        9.2515860448921150E-032
   802.50000000000000        9.2055583428515012E-032
   803.50000000000000        9.1598165264951571E-032
   804.50000000000000        9.1143584676475653E-032
   805.50000000000000        9.0691820565931589E-032
   806.50000000000000        9.0242852018935585E-032
   807.50000000000000        8.9796658302068264E-032
   808.50000000000000        8.9353218861087406E-032
   809.50000000000000        8.8912513319160478E-032
   810.50000000000000        8.8474521475116740E-032
   811.50000000000000        8.8039223301718779E-032
   812.50000000000000        8.7606598943953063E-032
   813.50000000000000        8.7176628717339334E-032
   814.50000000000000        8.6749293106258889E-032
   815.50000000000000        8.6324572762300918E-032
   816.50000000000000        8.5902448502627360E-032
   817.50000000000000        8.5482901308355526E-032
   818.50000000000000        8.5065912322958566E-032
   819.50000000000000        8.4651462850683430E-032
   820.50000000000000        8.4239534354986182E-032
   821.50000000000000        8.3830108456984378E-032
   822.50000000000000        8.3423166933926410E-032
   823.50000000000000        8.3018691717677489E-032
   824.50000000000000        8.2616664893222143E-032
   825.50000000000000        8.2217068697183115E-032
   826.50000000000000        8.1819885516356091E-032
   827.50000000000000        8.1425097886260668E-032
   828.50000000000000        8.1032688489706782E-032
   829.50000000000000        8.0642640155376802E-032
   830.50000000000000        8.0254935856422888E-032
   831.50000000000000        7.9869558709079523E-032
   832.50000000000000        7.9486491971291114E-032
   833.50000000000000        7.9105719041354127E-032
   834.50000000000000        7.8727223456574176E-032
   835.50000000000000        7.8350988891937317E-032
   836.50000000000000        7.7976999158795621E-032
   837.50000000000000        7.7605238203567040E-032
   838.50000000000000        7.7235690106448950E-032
   839.50000000000000        7.6868339080145642E-032
   840.50000000000000        7.6503169468609331E-032
   841.50000000000000        7.6140165745794632E-032
   842.50000000000000        7.5779312514426314E-032
   843.50000000000000        7.5420594504780215E-032
   844.50000000000000        7.5063996573476988E-032
   845.50000000000000        7.4709503702288902E-032
   846.50000000000000        7.4357100996959035E-032
   847.50000000000000        7.4006773686033233E-032
   848.50000000000000        7.3658507119704226E-032
   849.50000000000000        7.3312286768668178E-032
   850.50000000000000        7.2968098222993076E-032
   851.50000000000000        7.2625927190999286E-032
   852.50000000000000        7.2285759498151721E-032
   853.50000000000000        7.1947581085963858E-032
   854.50000000000000        7.1611378010913066E-032
   855.50000000000000        7.1277136443367536E-032
   856.50000000000000        7.0944842666524275E-032
   857.50000000000000        7.0614483075358355E-032
   858.50000000000000        7.0286044175583170E-032
   859.50000000000000        6.9959512582621416E-032
   860.50000000000000        6.9634875020586964E-032
   861.50000000000000        6.9312118321277322E-032
   862.50000000000000        6.8991229423176498E-032
   863.50000000000000        6.8672195370468388E-032
   864.50000000000000        6.8355003312060248E-032
   865.50000000000000        6.8039640500616474E-032
   866.50000000000000        6.7726094291602251E-032
   867.50000000000000        6.7414352142337249E-032
   868.50000000000000        6.7104401611058918E-032
   869.50000000000000        6.6796230355995730E-032
   870.50000000000000        6.6489826134449689E-032
   871.50000000000000        6.6185176801888517E-032
   872.50000000000000        6.5882270311047128E-032
   873.50000000000000        6.5581094711038253E-032
   874.50000000000000        6.5281638146472390E-032
   875.50000000000000        6.4983888856586548E-032
   876.50000000000000        6.4687835174382195E-032
   877.50000000000000        6.4393465525771750E-032
   878.50000000000000        6.4100768428734012E-032
   879.50000000000000        6.3809732492478147E-032
   880.50000000000000        6.3520346416616183E-032
   881.50000000000000        6.3232598990343971E-032
   882.50000000000000        6.2946479091630435E-032
   883.50000000000000        6.2661975686415208E-032
   884.50000000000000        6.2379077827814175E-032
   885.50000000000000        6.2097774655333350E-032
   886.50000000000000        6.1818055394090505E-032
   887.50000000000000        6.1539909354044789E-032
   888.50000000000000        6.1263325929234113E-032
   889.50000000000000        6.0988294597020231E-032
   890.50000000000000        6.0714804917341468E-032
   891.50000000000000        6.0442846531972900E-032
   892.50000000000000        6.0172409163794094E-032
   893.50000000000000        5.9903482616064099E-032
   894.50000000000000        5.9636056771703860E-032
   895.50000000000000        5.9370121592585627E-032
   896.50000000000000        5.9105667118829685E-032
   897.50000000000000        5.8842683468108050E-032
   898.50000000000000        5.8581160834955065E-032
   899.50000000000000        5.8321089490085024E-032
   900.50000000000000        5.8062459779716400E-032
   901.50000000000000        5.7805262124903042E-032
   902.50000000000000        5.7549487020871875E-032
   903.50000000000000        5.7295125036367200E-032
   904.50000000000000        5.7042166813001582E-032
   905.50000000000000        5.6790603064613101E-032
   906.50000000000000        5.6540424576629036E-032
   907.50000000000000        5.6291622205435749E-032
   908.50000000000000        5.6044186877754997E-032
   909.50000000000000        5.5798109590026135E-032
   910.50000000000000        5.5553381407794657E-032
   911.50000000000000        5.5309993465106663E-032
   912.50000000000000        5.5067936963909217E-032
   913.50000000000000        5.4827203173456752E-032
   914.50000000000000        5.4587783429723230E-032
   915.50000000000000        5.4349669134820058E-032
   916.50000000000000        5.4112851756419683E-032
   917.50000000000000        5.3877322827184991E-032
   918.50000000000000        5.3643073944204037E-032
   919.50000000000000        5.3410096768430561E-032
   920.50000000000000        5.3178383024129759E-032
   921.50000000000000        5.2947924498329561E-032
   922.50000000000000        5.2718713040277256E-032
   923.50000000000000        5.2490740560901350E-032
   924.50000000000000        5.2263999032278669E-032
   925.50000000000000        5.2038480487106724E-032
   926.50000000000000        5.1814177018181041E-032
   927.50000000000000        5.1591080777877670E-032
   928.50000000000000        5.1369183977640659E-032
   929.50000000000000        5.1148478887474513E-032
   930.50000000000000        5.0928957835441480E-032
   931.50000000000000        5.0710613207163776E-032
   932.50000000000000        5.0493437445330565E-032
   933.50000000000000        5.0277423049209674E-032
   934.50000000000000        5.0062562574164014E-032
   935.50000000000000        4.9848848631172662E-032
   936.50000000000000        4.9636273886356513E-032
   937.50000000000000        4.9424831060508506E-032
   938.50000000000000        4.9214512928628296E-032
   939.50000000000000        4.9005312319461433E-032
   940.50000000000000        4.8797222115042955E-032
   941.50000000000000        4.8590235250245236E-032
   942.50000000000000        4.8384344712330270E-032
   943.50000000000000        4.8179543540506132E-032
   944.50000000000000        4.7975824825487702E-032
   945.50000000000000        4.7773181709061562E-032
   946.50000000000000        4.7571607383654964E-032
   947.50000000000000        4.7371095091908990E-032
   948.50000000000000        4.7171638126255690E-032
   949.50000000000000        4.6973229828499180E-032
   950.50000000000000        4.6775863589400825E-032
   951.50000000000000        4.6579532848268218E-032
   952.50000000000000        4.6384231092548089E-032
   953.50000000000000        4.6189951857423077E-032
   954.50000000000000        4.5996688725412224E-032
   955.50000000000000        4.5804435325975306E-032
   956.50000000000000        4.5613185335120825E-032
   957.50000000000000        4.5422932475017709E-032
   958.50000000000000        4.5233670513610624E-032
   959.50000000000000        4.5045393264238931E-032
   960.50000000000000        4.4858094585259184E-032
   961.50000000000000        4.4671768379671127E-032
   962.50000000000000        4.4486408594747238E-032
   963.50000000000000        4.4302009221665708E-032
   964.50000000000000        4.4118564295146810E-032
   965.50000000000000        4.3936067893092690E-032
   966.50000000000000        4.3754514136230486E-032
   967.50000000000000        4.3573897187758783E-032
   968.50000000000000        4.3394211252997312E-032
   969.50000000000000        4.3215450579039931E-032
   970.50000000000000        4.3037609454410819E-032
   971.50000000000000        4.2860682208723796E-032
   972.50000000000000        4.2684663212344874E-032
   973.50000000000000        4.2509546876057874E-032
   974.50000000000000        4.2335327650733105E-032
   975.50000000000000        4.2162000026999145E-032
   976.50000000000000        4.1989558534917629E-032
   977.50000000000000        4.1817997743661003E-032
   978.50000000000000        4.1647312261193253E-032
   979.50000000000000        4.1477496733953564E-032
   980.50000000000000        4.1308545846542891E-032
   981.50000000000000        4.1140454321413372E-032
   982.50000000000000        4.0973216918560599E-032
   983.50000000000000        4.0806828435218694E-032
   984.50000000000000        4.0641283705558168E-032
   985.50000000000000        4.0476577600386563E-032
   986.50000000000000        4.0312705026851760E-032
   987.50000000000000        4.0149660928148059E-032
   988.50000000000000        3.9987440283224862E-032
   989.50000000000000        3.9826038106498066E-032
   990.50000000000000        3.9665449447564021E-032
   991.50000000000000        3.9505669390916101E-032
   992.50000000000000        3.9346693055663888E-032
   993.50000000000000        3.9188515595254782E-032
   994.50000000000000        3.9031132197198241E-032
   995.50000000000000        3.8874538082792471E-032
   996.50000000000000        3.8718728506853527E-032
   997.50000000000000        3.8563698757446972E-032
   998.50000000000000        3.8409444155621802E-032
   999.50000000000000        3.8255960055146924E-032
