   2.1000000000000001E+023
   4.0100831956862509E+019
   16339502075432.502     
   77451.803871170385     
   5.3314499142602711E+019
   68232219608.695587     
   82988758742.230804     
   3.2961977906180147E+018
   1559217758874243.5     
   2.0331907495399103E+020
   276440643329478.34     
   11912104896955594.     
   4.2460008877577337E+023
   4.0000000000000000E+021
   31419432.249619901     
   9.9999999999999995E-021
   1.8328021585641151E+023
   3.3278400763635552E+019
   17780244798250.488     
   70069.610331868171     
   3.6324253904036209E+019
   84553412519.837540     
   89577001034.781937     
   2.7337845386490260E+018
   1167426093631597.8     
   1.6863616139538255E+020
   250366174012390.22     
   9721317435282712.0     
   3.6979373338861807E+023
   2.7513264098525630E+021
   29647212.812985666     
   9.9999999999999995E-021
   1.5389522885409584E+023
   2.7980277574230008E+019
   19396160627795.391     
   65769.048823254969     
   2.4482283351089631E+019
   106110635951.72205     
   97008486764.281281     
   2.2955206684564595E+018
   925410781859254.38     
   1.4161814029544106E+020
   223177495015809.84     
   7907153498494291.0     
   3.1049345175712974E+023
   2.3102169145263519E+021
   27584104.339194082     
   9.9999999999999995E-021
   1.2894163041909356E+023
   2.3494803884693836E+019
   21467500909206.062     
   62546.450994477193     
   1.6316068281578021E+019
   134007230962.52187     
   105490011134.09094     
   1.9233511333238011E+018
   742020843999744.00     
   1.1868140272440815E+020
   196693220760777.09     
   6305836640950192.0     
   2.6013974100389553E+023
   1.9356288745288934E+021
   25737205.569337055     
   9.9999999999999995E-021
   1.0779374334374949E+023
   1.9704384200435028E+019
   24051847335794.926     
   60098.172553528952     
   1.0746851023210629E+019
   170394942549.54803     
   115210579565.64162     
   1.6079425224272904E+018
   600077846616072.00     
   9.9248269547106173E+019
   171213947849807.22     
   4919395715256536.0     
   2.1746828757910062E+023
   1.6181699405799864E+021
   24089274.197226517     
   9.9999999999999995E-021
   8.9908170756385027E+022
   1.6507319873382922E+019
   27291864081858.523     
   58367.641225136904     
   6.9924804571816325E+018
   218476599106.81180     
   126527136886.11859     
   1.3411890397768061E+018
   489594442936063.12     
   8.2817242216114700E+019
   146973138447500.66     
   3743419969998529.5     
   1.8138135358990180E+023
   1.3496829206075078E+021
   22647849.668081000     
   9.9999999999999995E-021
   7.4813778559097920E+022
   1.3815846698049047E+019
   31405438329790.602     
   57369.028484166403     
   4.4919554293385052E+018
   282801670588.99353     
   139844500434.61374     
   1.1160630070773065E+018
   403461363232349.44     
   6.8953719450740072E+019
   124139854792392.69     
   2767902603393428.0     
   1.5092741758533312E+023
   1.1230953999834922E+021
   21408823.743926592     
   9.9999999999999995E-021
   6.2102798721522548E+022
   1.1554385360470788E+019
   36725568172713.906     
   57182.454078389914     
   2.8474120323218580E+018
   369322352614.33398     
   155411374770.88556     
   9.2648210434623987E+017
   336472811547376.06     
   5.7281744860953829E+019
   102739379372542.27     
   1978292062836056.2     
   1.2528311129476426E+023
   9.3228618751489304E+020
   20333040.952696636     
   9.9999999999999995E-021
   5.1422939332003483E+022
   9.6579607352065966E+018
   43830548782100.266     
   58041.925906150915     
   1.7799926181371105E+018
   487217509241.64209     
   173785011784.60602     
   7.6719165615895782E+017
   285138944191613.88     
   4.7476671507090227E+019
   82964252636402.406     
   1358387300989376.5     
   1.0373721496519359E+023
   7.7196687406083093E+020
   19420689.846705556     
   9.9999999999999995E-021
   4.2470397647655170E+022
   8.0708292565675540E+018
   53687305806934.844     
   60328.409959224424     
   1.0966450607011508E+018
   649939650428.69287     
   195618408400.97141     
   6.3366039627694771E+017
   246883876156550.50     
   3.9258682540819915E+019
   65016244790548.062     
   889555188840263.88     
   8.5676496258550358E+022
   6.3757694708730613E+020
   18666751.138551001     
   9.9999999999999995E-021
   3.4983682055467350E+022
   6.7452703061894636E+018
   68012765394534.672     
   64700.005282965838     
   6.6543323269101210E+017
   876412733587.89783     
   221440655508.69766     
   5.2198831234712416E+017
   220052048177650.00     
   3.2387063019953402E+019
   49044991418350.672     
   550603396341059.50     
   7.0573197994785304E+022
   5.2519104836452182E+020
   18044092.655450724     
   9.9999999999999995E-021
   2.8738157656050621E+022
   5.6405048907089756E+018
   90072497193405.922     
   72360.829679905146     
   3.9739844345504090E+017
   1193315998330.3486     
   251629877686.40536     
   4.2882530707889229E+017
   204049439727213.28     
   2.6655134394740793E+019
   35213607308709.961     
   318849972801237.94     
   5.7973998710064436E+022
   4.3143709418984309E+020
   17516106.635455195     
   9.9999999999999995E-021
   2.3541238230503467E+022
   4.7217417416586066E+018
   126441430337793.42     
   85559.491112538948     
   2.3340208486847741E+017
   1637444963753.0708     
   286220782400.76642     
   3.5129951265452928E+017
   199543010705090.56     
   2.1885788321110917E+019
   23713612030301.328     
   171077766061632.09     
   4.7490287121422839E+022
   3.5342409887571273E+020
   17035402.057322007     
   9.9999999999999995E-021
   1.9228154777989749E+022
   3.9593375329792732E+018
   190780431674468.25     
   108422.97550558193     
   1.3470792370889154E+017
   2257442878017.9893     
   324543952999.89532     
   2.8695419429334381E+017
   208598710918385.97     
   1.7927554761676288E+019
   14748176998075.711     
   84602799396706.375     
   3.8789607185487237E+022
   2.8867865351119680E+020
   16539082.338511214     
   9.9999999999999995E-021
   1.5658237602129831E+022
   3.3280546639985475E+018
   310206551298445.62     
   147566.76000465275     
   76334699045028448.     
   3109832504291.2842     
   364191371837.26367     
   2.3369225659390285E+017
   233580847867216.88     
   1.4651145186218830E+019
   8416571090471.2783     
   38744807526456.195     
   3.1588144668444010E+022
   2.3508911387368794E+020
   15923130.109630421     
   9.9999999999999995E-021
   1.2711654998974432E+022
   2.8063907996921196E+018
   530634899734423.88     
   210442.01417478375     
   40280091547271344.     
   4217375141712.0586     
   396861927679.40625     
   1.8972745496999274E+017
   273288988571829.78     
   1.1946414826930178E+019
   4454544604833.2295     
   16696738632363.609     
   2.5644134503873734E+022
   1.9085664240123911E+020
   14926419.397415202     
   9.9999999999999995E-021
   1.0286558064056033E+022
   2.3759136405381350E+018
   879265012125066.75     
   289939.81208459695     
   21183981468545264.     
   5570084324572.2988     
   412346263386.41827     
   1.5354161618190246E+017
   308016744448116.06     
   9.7197022766454804E+018
   2351084673016.5439     
   6945888943526.5312     
   2.0752112031973006E+022
   1.5445234555073688E+020
   13384913.193083856     
   9.9999999999999995E-021
   8.2965845490132058E+021
   2.0207603341488586E+018
   1323891765794447.0     
   362362.44604083145     
   11102565311415468.     
   7224799718199.2207     
   408830790599.26904     
   1.2384716553384552E+017
   313974373782594.81     
   7.8915078293636403E+018
   1331392241777.3911     
   2850281453840.0957     
   1.6737847016992073E+022
   1.2457980248507515E+020
   11496051.438301740     
   9.9999999999999995E-021
   6.6686806217576027E+021
   1.7274082052789299E+018
   1794369441011277.5     
   406658.72516618046     
   5798087887622932.0     
   9460822354278.4062     
   396639160341.25793     
   99554633742323216.     
   286519031333526.56     
   6.3945272993778985E+018
   839945156768.27966     
   1171972493636.6714     
   1.3453962682870132E+022
   1.0014236914226274E+020
   9699934.9869446214     
   9.9999999999999995E-021
   5.3412042944992017E+021
   1.4845805164438574E+018
   2283347365201531.0     
   426637.42545262014     
   3016728873208628.0     
   12740213821655.463     
   383059574956.11530     
   79744499118377392.     
   243677619535824.00     
   5.1719773681180754E+018
   576793937521.26135     
   487598316864.31012     
   1.0776107269740974E+022
   8.0214711790923710E+019
   8180008.2228510156     
   9.9999999999999995E-021
   4.2622771709765259E+021
   1.2829983165193362E+018
   2934844154914856.0     
   449646.88666371000     
   1563576516017432.0     
   17395665635345.416     
   358918170275.20184     
   63642756161925160.     
   207530449584877.91     
   4.1760887886153544E+018
   395312665231.34546     
   204882824130.84137     
   8.5996275147993776E+021
   6.4018065216640360E+019
   6719168.7762594549     
   9.9999999999999995E-021
   3.3883549480833175E+021
   1.1149597826916140E+018
   4032843194211860.0     
   504599.69949816767     
   807182116984768.75     
   23170203229631.312     
   306734584414.61237     
   50599741087020784.     
   187576719840846.47     
   3.3667412746444406E+018
   245889439679.80777     
   85549790019.737122     
   6.8366835314806500E+021
   5.0898771531375649E+019
   5052652.6870242152     
   9.9999999999999995E-021
   2.6829900281422131E+021
   9.7397612110256717E+017
   5866438690962709.0     
   599525.45385486726     
   414980992613301.94     
   29140690692513.672     
   229167503060.28128     
   40071772909792840.     
   178883064452237.34     
   2.7103254909335747E+018
   135679741277.88029     
   34999508982.915810     
   5.4137516128397532E+021
   4.0309703156473618E+019
   3331946.3330961056     
   9.9999999999999995E-021
   2.1157625185418598E+021
   8.5467170389592742E+017
   8538687402677091.0     
   715429.57447465253     
   212432152040097.31     
   34371099273669.098     
   152397320472.79288     
   31605161833189128.     
   170725783145901.56     
   2.1788894822448502E+018
   69758559212.501785     
   14023867055.698912     
   4.2694676004363069E+021
   3.1794217040748687E+019
   1960116.6576399715     
   9.9999999999999995E-021
   1.6613588658595824E+021
   7.5279879732329754E+017
   11911280276778980.     
   822221.70278852247     
   108261698444155.12     
   38429671554892.219     
   94573766731.243088     
   24822351857581760.     
   156332423562392.69     
   1.7493952233485788E+018
   35254563951.335983     
   5534022176.1925974     
   3.3527685993036644E+021
   2.4972326393635611E+019
   1077399.4531685340     
   9.9999999999999995E-021
   1.2987798149672547E+021
   6.6510403513367936E+017
   15746580226038538.     
   899370.79112971690     
   54918031146099.547     
   41306535957434.734     
   56684315429.473526     
   19410068015798852.     
   135691295248421.02     
   1.4029197099878444E+018
   17960442083.933987     
   2160763381.2469430     
   2.6212953284831095E+021
   1.9528811186077131E+019
   572135.64029480354     
   9.9999999999999995E-021
   1.0106611602420864E+021
   5.8909700730456179E+017
   19875190974811852.     
   942550.42372104467     
   27724208847284.117     
   43178583818141.320     
   33321963116.437401     
   15109207639248914.     
   112324222885914.83     
   1.1238968415694609E+018
   9261155229.7381554     
   837095611.57750833     
   2.0400217125724323E+021
   1.5203020037550291E+019
   297822.79190198320     
   9.9999999999999995E-021
   7.8269257078408780E+020
   5.2284760079683955E+017
   24278836290072692.     
   958941.49960736942     
   13925836706012.418     
   44265233056131.055     
   19305026025.431293     
   11706202177908710.     
   89777753995887.734     
   8.9949784901965824E+017
   4807964145.5166645     
   322227701.80989629     
   1.5800822812250273E+021
   1.1780144489356634E+019
   152599.59404829695     
   9.9999999999999995E-021
   6.0312157581205150E+020
   4.6484078734738426E+017
   29106634292047820.     
   960415.58584962226     
   6958415212243.8086     
   44766868564982.445     
   11027971489.728886     
   9025638553886844.0     
   70177540514330.438     
   7.1914137190292698E+017
   2492124609.6502347     
   123261717.71803315     
   1.2177714262280718E+021
   9.0837722733182904E+018
   76968.655922577920     
   9.9999999999999995E-021
   4.6233137120348576E+020
   4.1387196835223155E+017
   34668358728567820.     
   958715.02089834656     
   3458042077006.2959     
   44845689113532.461     
   6204308873.3604403     
   6923971248009861.0     
   54238005905286.945     
   5.7409445393549747E+017
   1278321369.0250156     
   46691881.388453797     
   9.3369163701483182E+020
   6.9695491355549635E+018
   38170.319662375834     
   9.9999999999999995E-021
   3.5248392912375815E+020
   3.6752382662363936E+017
   41025453841955736.     
   953725.63590947713     
   1708756440348.9568     
   44349763934019.094     
   3419226553.3329182     
   5284059180572076.0     
   41349153446926.602     
   4.5661333519418662E+017
   645104354.60696149     
   17632601.955717068     
   7.1202859770552019E+020
   5.3196537292816189E+018
   18473.695917130557     
   9.9999999999999995E-021
   2.6721619530732490E+020
   3.2240830968235341E+017
   47406130482900880.     
   930922.98143833049     
   828870291906.16809     
   42802542686722.430     
   1825983312.1397862     
   4010609309315775.0     
   30415656056417.660     
   3.6010341283483712E+017
   320511760.54148078     
   6854958.8698795605     
   5.3993863576739231E+020
   4.0382267278071772E+018
   8588.7946361593422     
   9.9999999999999995E-021
   1.9886070035474396E+020
   2.7503740733825552E+017
   52468544779699920.     
   871734.77721002710     
   609859129380.29370     
   39780650233402.852     
   935405240.79932678     
   2989200566149855.5     
   19832936487339.062     
   2.7712527729497392E+017
   153926787.83914018     
   2762545.9193800143     
   4.0194664471993509E+020
   3.0098726568516393E+018
   3675.0738949475804     
   9.9999999999999995E-021
   1.4666581196875594E+020
   2.3093571712106877E+017
   55906943956878048.     
   907340.40628120792     
   448908875546.12183     
   36172717964450.938     
   469932535.88975364     
   2208666532728275.5     
   11903508398340.494     
   2.0998788322535619E+017
   73481415.363240883     
   1161147.9634418869     
   2.9655363821852819E+020
   2.2238313467906870E+018
   1510.9846731157591     
   9.9999999999999995E-021
   1.0821266115879156E+020
   1.9289663599801091E+017
   57573782478918032.     
   1278544.4136456021     
   330579083076.27301     
   32596109604335.113     
   235002046.09656903     
   1633033226417151.8     
   6862806420043.2539     
   1.5816868634360762E+017
   35768297.407591239     
   511884.08258086559     
   2.1889010491616435E+020
   1.6441531985176138E+018
   619.06925587634635     
   9.9999999999999995E-021
   7.9872835028171522E+019
   1.6034300279310243E+017
   57231092043409368.     
   2276180.2395611368     
   243547334971.22934     
   29174071861505.879     
   117366365.26971667     
   1208288481681165.2     
   3800772707665.4326     
   1.1849164453598987E+017
   17825022.088074535     
   235973.67049142881     
   1.6163672456963975E+020
   1.2164358988176878E+018
   253.55565153736893     
   9.9999999999999995E-021
   5.8978663856590717E+019
   1.3260938724298112E+017
   54972315270534904.     
   4120397.8098908532     
   179507982616.75604     
   25976369927945.750     
   58706029.276653126     
   894707870402720.50     
   2025852846331.1428     
   88365727476014832.     
   9107773.0060268473     
   113421.50433472240     
   1.1941173958144351E+020
   9.0066816368121600E+017
   103.99697511251314     
   9.9999999999999995E-021
   4.3568106595634373E+019
   1.0906299949904702E+017
   51147663074863584.     
   6852240.5810505673     
   132366227470.12820     
   23038087377811.285     
   29513069.059371091     
   663062966221619.00     
   1042887190220.6927     
   65671831402593864.     
   4770776.0812231554     
   56682.812315045907     
   8.8256766299827012E+019
   6.6741128745553357E+017
   42.798184268242707     
   9.9999999999999995E-021
   3.2197580415876686E+019
   89159059525811712.     
   46253533699229472.     
   10361367.871975776     
   97648056274.801620     
   20372233546813.320     
   14982959.593068771     
   491839079645324.00     
   520843097882.50024     
   48691104871082096.     
   2558635.1687647519     
   29374.996636447828     
   6.5259392526618657E+019
   4.9499694178712550E+017
   17.729057670974008     
   9.9999999999999995E-021
   2.3804597099586208E+019
   72438107952181296.     
   40810100773683784.     
   14511363.488754248     
   72068007890.591751     
   17977696837376.059     
   7735060.0477729328     
   365192968934455.88     
   253582756100.65857     
   36051313425557880.     
   1402197.8632445494     
   15746.594968042113     
   4.8276031323201053E+019
   3.6746982342384755E+017
   7.4361314008696215     
   9.9999999999999995E-021
   1.7606902799438623E+019
   58498890723312912.     
   35266505172700252.     
   19270646.074961398     
   53212453706.359108     
   15844253093776.293     
   4106432.0126245683     
   271452987785144.66     
   120924566831.60587     
   26677308825327756.     
   783450.14985951665     
   8710.7517269621967     
   3.5728343389612884E+019
   2.7307649734510051E+017
   3.1914621138165309     
   9.9999999999999995E-021
   1.3028379129233711E+019
   46974871212162008.     
   29953591200746728.     
   24791665.732144102     
   39307481786.407143     
   13955931293444.146     
   2283830.1070184712     
   202017025335860.19     
   56717603217.366074     
   19741601494491416.     
   445319.65325567266     
   4961.6581071063238     
   2.6453686236052378E+019
   2.0315501052788490E+017
   1.4274799773163631     
   3443123.8255190775     
   9.6445796497684091E+018
   37524100037413424.     
   25078953499245868.     
   31383624.500954542     
   29048759470.079739     
   12287495557901.568     
   1369281.6568205161     
   150545587622601.62     
   26258895915.064686     
   14616644668340802.     
   256910.56640685382     
   2904.0518040914812     
   1.9595243734729765E+019
   1.5131873927657114E+017
  0.68467845495915247     
   8111759.9944890700     
   7.1426858200953948E+018
   29829973608533144.     
   20747462731061528.     
   39325311.391124189     
   21476796666.974720     
   10817579793304.455     
   917104.38341381145     
   112359985727625.25     
   12035017914.954288     
   10831725441389658.     
   150184.28826166817     
   1743.2180508345227     
   1.4521293118257125E+019
   1.1285634255056955E+017
  0.36488324953896223     
   23412449.709961392     
   5.2920587276608031E+018
   23606569164720120.     
   16990801569048770.     
   48612040.327512488     
   15885463020.651512     
   9520777812664.5508     
   702364.98897753609     
   84009169585840.922     
   5473331498.0349159     
   8036402796572318.0     
   88806.201342005617     
   1071.2456928565339     
   1.0765862874318160E+019
   84290478505846608.     
  0.22111098651920591     
   54100468.762593381     
   3.9225798889986355E+018
   18602862520697920.     
   13794645383369392.     
   58853065.842355542     
   11754861215.313560     
   8374228320127.0127     
   609111.40254286723     
   62944228298015.547     
   2474850472.0997477     
   5971021652653975.0     
   53032.983412109061     
   672.80729246883448     
   7.9850928939584911E+018
   63053174369462240.     
  0.15086847831498107     
   110047826.30480099     
   2.9087181745009347E+018
   14603191677953068.     
   11118511415641954.     
   69401549.556909442     
   8687574689.1274815     
   7358351807775.0410     
   576161.43253434240     
   47280996325480.133     
   1114142218.3078394     
   4443770154171730.5     
   31934.972939647836     
   431.20341649171809     
   5.9251236764097905E+018
   47246920389212720.     
  0.11167506649970665     
   206422013.43360174     
   2.1542123490832051E+018
   11405781594862128.     
   8893905615899663.0     
   79720279.574842051     
   6406023741.5416899     
   6447029544685.7432     
   573382.88978966395     
   35570281160754.305     
   496503888.64856571     
   3307717047026532.5     
   19310.658169577564     
   281.12095063884618     
   4.3911335894633467E+018
   35409913161145780.     
   8.6169720447329429E-002
   367099082.35216439     
   1.5917414822156826E+018
   8859888272110549.0     
   7063242403679574.0     
   89475129.129091039     
   4718787525.5361757     
   5624829472242.5137     
   586881.46466192079     
   26795741464042.375     
   218092772.83732355     
   2460322693426215.5     
   11689.404271857567     
   185.95603944895669     
   3.2468351873745992E+018
   26520374631196016.     
   6.7541166638495714E-002
   645539428.76011205     
   1.1748673005360704E+018
   6858117359234294.0     
   5583724482937898.0     
   98425900.993125394     
   3476709789.1611099     
   4889090883433.1064     
   609074.28941148648     
   20256027107534.230     
   94829319.306559712     
   1831214665582864.0     
   7085.6956707177533     
   124.77359025986790     
   2.3982080946920069E+018
   19877015338012780.     
   5.3130857390972175E-002
   1038271729.5712725     
   8.6730769100885363E+017
   5300462686003887.0     
   4405173844541291.0     
   106534691.56309597     
   2565248735.0283570     
   4237270440885.5771     
   636925.30261103006     
   15400308162433.326     
   41043610.911392689     
   1365708566977577.2     
   4303.8958768169459     
   84.910389747616080     
   1.7717271172629957E+018
   14929713340630620.     
   4.1790208587558879E-002
   1615860268.2500992     
   6.4112674123306906E+017
   4098127400372560.5     
   3476667704178960.5     
   113943339.13904209     
   1897608622.4372098     
   3664774131882.9009     
   670082.01238403935     
   11803191181140.156     
   17784143.875154644     
   1021903593491957.8     
   2621.3269834592943     
   58.598179852206052     
   1.3107308861624000E+018
   11253027019148662.     
   3.2920625936398842E-002
   2467765903.4185286     
   4.7510038528617242E+017
   3175325951769613.5     
   2750836264667565.5     
   120948449.83842424     
   1408789562.7919595     
   3165243433567.8130     
   710013.57776463183     
   9140688572307.0410     
   7756750.0349556385     
   768091749623300.75     
   1601.7661407750386     
   41.007775523749245     
   9.7213609897562394E+017
   8522174520036217.0     
   2.6115284558406206E-002
   3559227632.1672268     
   3.5329345686541702E+017
   2469462066517596.0     
   2186162532706228.0     
   127962858.78739670     
   1050601384.7363600     
   2732631577860.2476     
   759513.67922369810     
   7168067376572.7900     
   3422673.7736431076     
   580534777437605.38     
   982.82428777317102     
   29.099136665783909     
   7.2357108890102221E+017
   6492027111973378.0     
   2.1032260906933862E-002
   5007120965.3088579     
   2.6386200654490742E+017
   1930199378763994.8     
   1747796454896637.2     
   135481738.78870368     
   787609156.08188415     
   2360152441358.7310     
   822623.30485717475     
   5702917137358.4199     
   1534696.3028208029     
   441619269719625.19     
   606.06184362356430     
   20.935557424337993     
   5.4095874139375334E+017
   4979347879799305.0     
   1.7349591168982551E-002
   6801553566.0574713     
   1.9807550429219728E+017
   1517919526420006.2     
   1407405699087177.8     
   144160987.22342184     
   593922648.88791323     
   2041075414193.7834     
   905421.53412869945     
   4610205576159.2207     
   701950.68576808146     
   338369045856262.31     
   375.94319954063997     
   15.269082784730211     
   4.0653994617872416E+017
   3848224448944311.0     
   1.4749856084789709E-002
   8914992567.0379028     
   1.4953971978988234E+017
   1201956061219478.0     
   1142495813508437.0     
   155164761.31292862     
   450711734.91405731     
   1768945541147.4602     
   1018997.0176297302     
   3790608436252.5586     
   328538.39794295875     
   261274821261844.00     
   234.81344204220011     
   11.286677629725222     
   3.0730047041500570E+017
   2998437096336281.5     
   1.2925858926390728E-002
   11182127122.681044     
   1.1359324572857611E+017
   958865120082723.38     
   935511070932480.00     
   170616986.28719035     
   344320503.03300071     
   1537850932530.0273     
   1184267.1447911186     
   3171324939848.5269     
   157740.72836753479     
   203392602864163.38     
   147.84551672269941     
   8.4529531150711037     
   2.3374785128691674E+017
   2356382520668777.5     
   1.1600689053936852E-002
   13582465781.811029     
   86847948518873232.     
   770882284830160.25     
   772914925997153.12     
   193588925.74841467     
   264858563.48826998     
   1342245177189.9292     
   1435507.0728980370     
   2699301649198.8833     
   77837.808989756712     
   159661205082558.53     
   93.941661728673239     
   6.4116241980603359     
   1.7897904693632691E+017
   1868128090266503.8     
   1.0552085258024721E-002
   15769904029.193085     
   66844633988146392.     
   624627863876891.88     
   644357042921854.25     
   227384382.14751720     
   205162225.12042463     
   1177203929470.0127     
   1819880.7962737512     
   2335837678148.1777     
   39526.361223641194     
   126393033473018.12     
   60.308751498607748     
   4.9231123811159021     
   1.3798125333842389E+017
   1494180872658379.0     
   9.6280226500286663E-003
   17637759079.948921     
   51798382067061120.     
   510062933836226.69     
   541967281179950.38     
   274594297.54281271     
   160036043.48427525     
   1038298205241.0159     
   2394536.7744905837     
   2052782963765.7620     
   20671.366206343726     
   100898505879121.38     
   39.160998339532462     
   3.8246385444665432     
   1.0711442501424053E+017
   1205598316413492.0     
   8.7452787673190594E-003
   18953709013.087551     
   40412107650442552.     
   419668311792983.81     
   459779691765277.44     
   336476989.26431638     
   125703169.49056958     
   921619212001.05310     
   3224397.8925939929     
   1829637674518.6697     
   11137.282592798711     
   81211495090131.234     
   25.746071561884310     
   3.0044536999157381     
   83732185080057712.     
   981125089782826.12     
   7.8735518322429667E-003
   19790494596.953930     
   31741104529776080.     
   347810379743220.75     
   393274640985897.12     
   412779929.90099120     
   99409093.224491447     
   823700745272.91077     
   4382627.3049324164     
   1651488055411.8801     
   6181.4727131797717     
   65889927373651.359     
   17.151080076542431     
   2.3850436207911851     
   65906233301390152.     
   805100799981939.62     
   7.0145170207061361E-003
   20194215355.815449     
   25095154870457884.     
   290258804864971.44     
   339022606195474.31     
   501861612.05996841     
   79136902.832222655     
   741514541549.78320     
   5953630.9048758056     
   1507453356950.0742     
   3532.9886493359290     
   53871602954499.289     
   11.583198616193442     
   1.9120822380811726     
   52227075428753600.     
   665938796443707.62     
   6.1838272311737549E-003
   20210563254.149258     
   19968023681777084.     
   243824636889070.06     
   294412024269692.69     
   601004798.31505442     
   63403003.852781281     
   672458410130.11804     
   8035524.8223847328     
   1389554436640.1543     
   2078.0180715919964     
   44370212079412.297     
   7.9332600574169696     
   1.5471005566152525     
   41660431228983624.     
   555023597177251.44     
   5.3993347019043493E-003
   19916236443.078274     
   15986762024643422.     
   206091469701112.59     
   257444166552627.22     
   706857532.19472790     
   51110585.428510375     
   614325052152.46545     
   10735342.411967482     
   1291902262989.8481     
   1256.7207190576999     
   36800410826036.898     
   5.5105864011585330     
   1.2625777665641813     
   33443943240196920.     
   465912823549903.06     
   4.6751813417803293E-003
   19286566587.588905     
   12875262303252384.     
   175217060564051.84     
   226579941492546.00     
   815911898.68643165     
   41444398.038385130     
   565268280348.65820     
   14151162.322806038     
   1210111403539.7566     
   780.66086074549548     
   30723810004832.590     
   3.8817616020271353     
   1.0386248357019876     
   27012897410265700.     
   393759467654093.88     
   4.0199295506633719E-003
   18403703830.780537     
   10428033729453480.     
   149787463816797.56     
   200626094700273.56     
   924923387.08350039     
   33795041.469610438     
   523752214021.26624     
   18343414.891256608     
   1140889439476.5022     
   497.52621594298722     
   25809974226300.344     
   2.7723504633288427     
  0.86072388790080367     
   21946756882706096.     
   334893069972795.56     
   3.4368638716887876E-003
   17394092033.614170     
   8491294869775093.0     
   128709869343963.69     
   178650858590381.41     
   1031790901.5557400     
   27704327.159611136     
   488502835300.81287     
   23306377.074667040     
   1081743229567.2593     
   324.90383633999562     
   21808183189563.082     
   2.0068616685748921     
  0.71817340991414336     
   17930602377753284.     
   286515336329950.69     
   2.9251403721941693E-003
   16283587438.191677     
   6949303792994295.0     
   111133707236638.78     
   159921348523627.31     
   1133981462.7136743     
   22825708.755933128     
   458468736368.84869     
   28949183.705459811     
   1030764543914.4791     
   217.12387452097113     
   18526912121264.238     
   1.4718886167123166     
  0.60300927974447793     
   14727246116249494.     
   246478166621605.66     
   2.4810620716786609E-003
   15146279741.776340     
   5714440744322363.0     
   96392475571077.484     
   143857080359505.56     
   1229896237.2987106     
   18895508.077320322     
   432783367037.84924     
   35103905.351640172     
   986477788388.97473     
   148.28167235792756     
   15818857326902.568     
   1.0933266838775306     
  0.50924940972751975     
   12156994850523522.     
   213121104513981.62     
   2.0991845496253986E-003
   13973472580.128452     
   4719984782415701.0     
   83960473546023.266     
   129995143198124.11     
   1318704122.5022383     
   15711895.210708104     
   410734129173.25110     
   41546865.536918186     
   947728676296.87891     
   103.34800935179615     
   13569955170223.312     
  0.82219343124928967     
  0.43235980855751877     
   10082905266944280.     
   185151729288231.12     
   1.7731701315575666E-003
   12845870328.011269     
   3914829448008498.0     
   73420447922894.250     
   117963974103445.58     
   1400058696.1031494     
   13119460.334467759     
   391733873937.01074     
   48028120.148906365     
   913605072314.09644     
   73.411017973930427     
   11691286725174.605     
  0.62573042038638416     
  0.36887397220435214     
   8399993103303523.0     
   161557179585361.72     
   1.4964090393505549E-003
   11754481684.915495     
   3259598748202779.5     
   64439239500819.719     
   107463481045351.86     
   1473984587.8577099     
   10997830.597923983     
   375298715143.68433     
   54301420.197626419     
   883377955214.84363     
   53.074157685473430     
   10113076087320.197     
  0.48177084733609532     
  0.31611938785882560     
   7027298776014326.0     
   141538335214452.25     
   1.2624450870326834E-003
   10704836766.844631     
   2723778267174429.5     
   56749317754230.633     
   98249866258482.359     
   1540779120.5215178     
   9253229.1526967064     
   361029107993.29236     
   60148288.573053777     
   856458405236.81616     
   39.003137921991552     
   8780214705887.6650     
  0.37513985237523489     
  0.27201913316758736     
   5902023989011585.0     
   124460563989903.77     
   1.0652449073526255E-003
   9717182135.9891396     
   2283585261153236.5     
   50134680789720.141     
   90123954854145.391     
   1600935714.2613640     
   7812181.6638092510     
   348594141829.28912     
   65393397.837378450     
   832365887934.14160     
   29.097795796213401     
   7648903598929.4766     
  0.29533078581422317     
  0.23494672687024196     
   4975176459391354.0     
   109816639349525.78     
   8.9934721285594651E-004
   8798080762.4059429     
   1920379133497614.2     
   44420016201952.805     
   82922157205471.891     
   1655090411.2387691     
   6616798.8117250446     
   337718880306.26019     
   69911287.951801658     
   810704467615.94116     
   22.010770111518088     
   6684118859772.7227     
  0.23498933296610627     
  0.20361905524944929     
   4208317890464463.0     
   97198647927261.000     
   7.5992473497436992E-004
   7951337686.3909779     
   1619468926650526.8     
   39462316036861.875     
   76509425104444.078     
   1703982637.9983225     
   5621221.2499799356     
   328174085839.42426     
   73626111.506727919     
   791144902359.18567     
   16.862387327225637     
   5857686887096.3242     
  0.18891384602311381     
  0.17701674728425798     
   3571122771655557.5     
   86276574811128.172     
   6.4278662629688448E-004
   7172546222.6905308     
   1369213926666971.0     
   35144351822489.070     
   70773727968902.344     
   1748406422.2606599     
   4788926.0547833908     
   319767925803.28790     
   76506674.778768405     
   773411035058.83289     
   13.068665374077431     
   5146813767944.1230     
  0.15338878743938528     
  0.15432449738621642     
   3039536097736146.5     
   76781877695682.828     
   5.4434360703256818E-004
   6467843483.3843880     
   1160341748648444.0     
   31369568807777.926     
   65621695679106.977     
   1789119055.2009723     
   4090675.1474837940     
   312339208264.09143     
   78558932.040885001     
   757269424928.78796     
   10.235723826840164     
   4532954912157.2422     
  0.12573535490792664     
  0.13488599928779710     
   2594375610972300.5     
   68494810278814.336     
   4.6155259978759313E-004
   5822880592.2507448     
   985428601810753.00     
   28058069746585.680     
   60975162349910.656     
   1826689777.2637568     
   3502944.2512913821     
   305751986999.22754     
   79817643.294865057     
   742521288748.06079     
   8.0938649476083260     
   4000941100085.7573     
  0.10400521524938422     
  0.11816966500714239     
   2220265807861226.2     
   61234580103491.352     
   3.9185261110684339E-004
   5241635001.5344486     
   838501108003096.25     
   25143439978332.500     
   56768409882806.828     
   1861314860.9608624     
   3006713.9281059140     
   299891127029.00275     
   80338360.000409886     
   728996285040.20593     
   6.4557552111266645     
   3538298896048.0645     
   8.6769557464996844E-002
  0.10374236463036039     
   1904820615673648.0     
   54851662073346.891     
   3.3309953196114143E-004
   4716019445.7358541     
   714729685864990.50     
   22570225646383.059     
   52945958006196.016     
   1892669013.4958825     
   2586534.1403681585     
   294658750144.57928     
   80190392.518891349     
   716547606023.66956     
   5.1894860137697609     
   3134719250380.0474     
   7.2972322144288157E-002
   9.1249174703005295E-002
   1638013597340981.0     
   49221761169866.680     
   2.8350443628226256E-004
   4243273233.4788861     
   610191257218844.25     
   20291921584327.438     
   49460783324569.281     
   1919868718.0433488     
   2229797.1366265118     
   289971334886.34662     
   79451008.251694262     
   705048103848.15649     
   4.2009635386018074     
   2781639730481.4624     
   6.1827098460726329E-002
   8.0397659637251331E-002
   1411690154676636.5     
   44241044314483.195     
   2.4157777297666595E-004
   3819851491.2132125     
   521684696322232.25     
   18269358866157.539     
   46272876904788.805     
   1941582081.7936275     
   1926169.3221134455     
   285757360075.73608     
   78200842.638974175     
   694387193762.66797     
   3.4222351269954623     
   2471914370129.6362     
   5.2744040630713952E-002
   7.0945596237711545E-002
   1219187861069708.0     
   39822354553275.812     
   2.0608040405591642E-004
   3442166390.6455908     
   446586603802229.50     
   16469407232575.385     
   43348070408042.695     
   1956259177.7648785     
   1667145.2909413939     
   281955382314.81091     
   76520373.037345693     
   684468357073.99133     
   2.8036471253906541     
   2199551450203.8877     
   4.5277625029945666E-002
   6.2691330653900465E-002
   1055039508227979.1     
   35892189863958.844     
   1.7598155360984533E-004
   3102371586.1047621     
   382738058728087.06     
   14863926715092.031     
   40657076369107.508     
   1962413393.9705234     
   1445696.0714727475     
   278512466198.92712     
   74487273.961434171     
   675207105242.12512     
   2.3085092854260036     
   1959504227129.4775     
   3.9089010961809549E-002
   5.5466160612617076E-002
   914739753927946.88     
   32388280406831.750     
   1.5042323315405515E-004
   2796113855.1710057     
   328355280314065.62     
   13428917338027.941     
   38174700134698.438     
   1958876361.9455409     
   1255990.4488277149     
   275382887657.06897     
   72174494.540529817     
   666529311666.57043     
   1.9094202890894383     
   1747503142076.7827     
   3.3918724522733652E-002
   4.9128285198330686E-002
   794560873289521.88     
   29257636653047.059     
   1.2869046641383308E-004
   2520004483.2570815     
   281958828319672.19     
   12143826923650.645     
   35879190097459.266     
   1944971111.2484570     
   1093173.1192390651     
   272527061929.53305     
   69648935.681961223     
   658369828145.41736     
   1.5857077984565306     
   1559920687605.7429     
   2.9566699558025353E-002
   4.3557974867501223E-002
   691406629359972.38     
   26454969913975.867     
   1.1018655396641533E-004
   2279634038.6885900     
   242317242161798.72     
   10990985599606.416     
   33751699893821.965     
   1920582378.9061713     
   953187.35372683185     
   269910647640.74020     
   66970632.865227766     
   650671330374.95117     
   1.3216251607440457     
   1393662106665.8406     
   2.5877601893411879E-002
   3.8653696527239462E-002
   602695812574228.38     
   23941408834686.492     
   9.4412628371707698E-005
   2063472000.8375800     
   208401974839653.00     
   9955142230105.4414     
   31775841664921.781     
   1886133146.6221948     
   832632.47839502362     
   267503812208.72134     
   64192365.148996659     
   643383330415.75647     
   1.1050676235965198     
   1246076616933.8169     
   2.2729974387224697E-002
   3.4328990003261603E-002
   526269088119025.94     
   21683452193494.320     
   8.0950809526989269E-005
   1871243612.3552053     
   179351200215787.62     
   9023083135523.5176     
   29937313722657.031     
   1842494242.3408990     
   728649.09512152139     
   265280606217.82568     
   61359615.127691112     
   636461340732.41577     
  0.92664909808796558     
   1114885013511.3042     
   2.0028163306107242E-002
   3.0509938566279898E-002
   460314083752679.19     
   19652111204847.961     
   6.9450350535377561E-005
   1700014490.1547632     
   154440620780089.38     
   8183317474802.4326     
   28223589282074.996     
   1790858812.9728360     
   638825.98617928952     
   263218437067.38504     
   58510804.999192402     
   629866152601.84998     
  0.77903173262818737     
   998120393865.39368     
   1.7696281654963279E-002
   2.7133111319156505E-002
   403304929917358.00     
   17822204419344.121     
   5.9616250189681404E-005
   1546943901.6404953     
   133059821256895.05     
   7425816804333.1016     
   26623655523952.438     
   1732609502.2018409     
   561124.43767999799     
   261297621741.87949     
   55677735.633253753     
   623563209846.98792     
  0.65643450505803436     
   894079436547.09351     
   1.5673672708048748E-002
   2.4143882039438649E-002
   353953242113489.88     
   16171775973101.754     
   5.1199890333512565E-005
   1408808561.8977613     
   114693033748656.23     
   6741798798091.7334     
   25127794309358.910     
   1669197968.5893643     
   493816.41926767450     
   259501004826.19934     
   52886160.633830950     
   617522061421.77930     
  0.55426977932358779     
   801282198997.73706     
   1.3911484236719401E-002
   2.1495049629427238E-002
   311168217732471.94     
   14681613902229.711     
   4.3991330535869054E-005
   1283868461.7291603     
   98903426445696.594     
   6123547066501.9492     
   23727397494907.938     
   1602047643.0327675     
   435433.89293115784     
   257813629897.18689     
   50156435.997471325     
   611715880655.86829     
  0.46887216323017589     
   718438816043.71924     
   1.2370069093512287E-002
   1.9145701184402411E-002
   274024016334069.09     
   13334849904201.768     
   3.7812957072794067E-005
   1173111145.3483574     
   85320218129443.547     
   5564260561950.4385     
   22414811090645.398     
   1532483435.2161527     
   384727.07506490569     
   256222455376.50317     
   47504196.820979871     
   606121041184.87012     
  0.39729452420421513     
   644421806976.74084     
   1.1017003439910154E-002
   1.7060270990280440E-002
   241732982817660.25     
   12116625599354.398     
   3.2514238048417770E-005
   1077970576.3369544     
   73628068107279.781     
   5057927295150.4404     
   21183203534204.398     
   1461687192.4249594     
   340629.92734501744     
   254716108624.00073     
   44941024.081849024     
   600716740987.17847     
  0.33715328002382200     
   578242956042.77271     
   9.8255686333958477E-003
   1.5207758350915875E-002
   213623575896520.56     
   11013813249001.098     
   2.7967382294370563E-005
   991803802.69301736     
   63558305876980.023     
   4599218075413.1484     
   20026454175588.492     
   1390674980.5637789     
   302231.50477149757     
   253284673979.82770     
   42475075.506010756     
   595484666977.20752     
  0.28651013713853707     
   519033934252.68378     
   8.7735826235608976E-003
   1.3561074653501256E-002
   189122131085713.50     
   10014781191648.242     
   2.4063737495694444E-005
   913559537.28671491     
   54881654305704.117     
   4183396781934.3057     
   18939058721798.062     
   1320291193.8769026     
   302231.50477149757     
   251919506222.50729     
   40111664.032335266     
   590408697775.00659     
  0.24378100091515181     
   466029991612.88208     
   7.8424958681495033E-003
   1.2096495985733920E-002
   167737773000249.91     
   9109196097211.2695     
   2.0710793936286438E-005
   913559537.28671491     
   47402170244236.156     
   3806244325060.5640     
   17916048998558.828     
   1251214527.8418469     
   302231.50477149757     
   250613057063.57379     
   37853774.992187470     
   585474648838.90918     
  0.20766529890081195     
   418556178384.33057     
   7.0166882693849658E-003
   1.0793202307930225E-002
   149049568150152.47     
   8287855637720.6699     
   1.7829685450822338E-005
   913559537.28671491     
