  0.50000000000000000        4.6000000000000002E-024
   1.5000000000000000        5.9548387096774197E-024
   2.5000000000000000        8.6645161290322603E-024
   3.5000000000000000        1.1374193548387099E-023
   4.5000000000000000        1.3184848484848484E-023
   5.5000000000000000        1.9399999999999999E-023
   6.5000000000000000        3.0200000000000001E-023
   7.5000000000000000        4.1000000000000009E-023
   8.5000000000000000        5.1800000000000016E-023
   9.5000000000000000        6.2600000000000012E-023
   10.500000000000000        9.1875000000000008E-023
   11.500000000000000        1.3962500000000000E-022
   12.500000000000000        1.8737500000000001E-022
   13.500000000000000        2.3512500000000002E-022
   14.500000000000000        2.8287499999999999E-022
   15.500000000000000        3.3062499999999995E-022
   16.500000000000000        3.7837500000000001E-022
   17.500000000000000        4.2612499999999998E-022
   18.500000000000000        4.6250000000000003E-022
   19.500000000000000        4.8750000000000001E-022
   20.500000000000000        5.2500000000000003E-022
   21.500000000000000        5.7500000000000009E-022
   22.500000000000000        6.2500000000000006E-022
   23.500000000000000        6.7500000000000003E-022
   24.500000000000000        7.2499999999999999E-022
   25.500000000000000        7.9500000000000010E-022
   26.500000000000000        8.8499999999999996E-022
   27.500000000000000        9.7500000000000002E-022
   28.500000000000000        1.0649999999999999E-021
   29.500000000000000        1.1550000000000001E-021
   30.500000000000000        1.2550000000000001E-021
   31.500000000000000        1.3649999999999999E-021
   32.500000000000000        1.4750000000000003E-021
   33.500000000000000        1.5849999999999999E-021
   34.500000000000000        1.6950000000000004E-021
   35.500000000000000        1.8200000000000001E-021
   36.500000000000000        1.9599999999999999E-021
   37.500000000000000        2.1000000000000001E-021
   38.500000000000000        2.2400000000000000E-021
   39.500000000000000        2.3800000000000002E-021
   40.500000000000000        2.5250000000000003E-021
   41.500000000000000        2.6750000000000004E-021
   42.500000000000000        2.8249999999999997E-021
   43.500000000000000        2.9750000000000002E-021
   44.500000000000000        3.1250000000000003E-021
   45.500000000000000        3.2600000000000006E-021
   46.500000000000000        3.3800000000000003E-021
   47.500000000000000        3.5000000000000003E-021
   48.500000000000000        3.6200000000000004E-021
   49.500000000000000        3.7400000000000005E-021
   50.500000000000000        3.8320000000000003E-021
   51.500000000000000        3.8960000000000006E-021
   52.500000000000000        3.9600000000000001E-021
   53.500000000000000        4.0240000000000004E-021
   54.500000000000000        4.0880000000000007E-021
   55.500000000000000        4.1664285714285720E-021
   56.500000000000000        4.2625000000000008E-021
   57.500000000000000        4.3875000000000005E-021
   58.500000000000000        4.5125000000000001E-021
   59.500000000000000        4.6374999999999997E-021
   60.500000000000000        4.7625000000000001E-021
   61.500000000000000        4.8874999999999990E-021
   62.500000000000000        4.9971014492753621E-021
   63.500000000000000        5.0913043478260864E-021
   64.500000000000000        5.1855072463768114E-021
   65.500000000000000        5.2797101449275357E-021
   66.500000000000000        5.3739130434782607E-021
   67.500000000000000        5.4681159420289850E-021
   68.500000000000000        5.5623188405797093E-021
   69.500000000000000        5.6529411764705879E-021
   70.500000000000000        5.7411764705882353E-021
   71.500000000000000        5.7043478260869572E-021
   72.500000000000000        5.6536231884057967E-021
   73.500000000000000        5.6028985507246377E-021
   74.500000000000000        5.5521739130434787E-021
   75.500000000000000        5.5014492753623190E-021
   76.500000000000000        5.4507246376811592E-021
   77.500000000000000        5.3999999999999995E-021
   78.500000000000000        5.4873015873015870E-021
   79.500000000000000        5.5746031746031752E-021
   80.500000000000000        5.6619047619047627E-021
   81.500000000000000        5.7492063492063502E-021
   82.500000000000000        5.8365079365079377E-021
   83.500000000000000        5.9238095238095251E-021
   84.500000000000000        5.7590909090909097E-021
   85.500000000000000        5.4863636363636368E-021
   86.500000000000000        5.2136363636363648E-021
   87.500000000000000        4.9409090909090912E-021
   88.500000000000000        4.7375000000000008E-021
   89.500000000000000        4.5349999999999996E-021
   90.500000000000000        4.3469999999999998E-021
   91.500000000000000        4.1569999999999990E-021
   92.500000000000000        4.0533333333333333E-021
   93.500000000000000        3.9866666666666677E-021
   94.500000000000000        3.9200000000000006E-021
   95.500000000000000        3.8568421052631595E-021
   96.500000000000000        3.8336538461538453E-021
   97.500000000000000        4.1701923076923067E-021
   98.500000000000000        4.5067307692307695E-021
   99.500000000000000        4.8432692307692317E-021
   100.50000000000000        5.1798076923076945E-021
   101.50000000000000        5.5163461538461567E-021
   102.50000000000000        5.4970588235294121E-021
   103.50000000000000        5.2593749999999978E-021
   104.50000000000000        4.3062499999999985E-021
   105.50000000000000        3.3531249999999992E-021
   106.50000000000000        2.4075471698113205E-021
   107.50000000000000        2.1973684210526307E-021
   108.50000000000000        1.9500000000000000E-021
   109.50000000000000        1.7590909090909082E-021
   110.50000000000000        1.8600000000000000E-021
   111.50000000000000        1.8300000000000000E-021
   112.50000000000000        1.4668421052631579E-021
   113.50000000000000        1.3754545454545455E-021
   114.50000000000000        1.4757692307692307E-021
   115.50000000000000        1.5682142857142858E-021
   116.50000000000000        1.6646428571428573E-021
   117.50000000000000        1.8068421052631580E-021
   118.50000000000000        1.9973684210526316E-021
   119.50000000000000        2.0600000000000017E-021
   120.50000000000000        2.2610344827586205E-021
   121.50000000000000        2.2600000000000016E-021
   122.50000000000000        2.8779166666666669E-021
   123.50000000000000        2.6540000000000040E-021
   124.50000000000000        3.0759259259259236E-021
   125.50000000000000        2.6419999999999998E-021
   126.50000000000000        2.7549999999999998E-021
   127.50000000000000        2.7872413793103455E-021
   128.50000000000000        3.1190909090909081E-021
   129.50000000000000        1.5345454545454558E-021
   130.50000000000000        1.4939999999999952E-021
   131.50000000000000        1.3523076923076943E-021
   132.50000000000000        1.5767999999999994E-021
   133.50000000000000        1.8507407407407419E-021
   134.50000000000000        1.8699999999999874E-021
   135.50000000000000        2.0733333333333382E-021
   136.50000000000000        2.7020000000000006E-021
   137.50000000000000        1.4685652173913002E-021
   138.50000000000000        3.1276923076923140E-021
   139.50000000000000        1.6161111111111046E-021
   140.50000000000000        5.2496153846153758E-022
   141.50000000000000        8.5214285714285874E-022
   142.50000000000000        7.9807692307692406E-022
   143.50000000000000        9.0233333333333082E-022
   144.50000000000000        1.0936363636363632E-021
   145.50000000000000        1.2475000000000001E-021
   146.50000000000000        1.3523076923076917E-021
   147.50000000000000        1.4860000000000004E-021
   148.50000000000000        1.7318181818181849E-021
   149.50000000000000        1.8229629629629629E-021
   150.50000000000000        1.8460000000000002E-021
   151.50000000000000        1.9649999999999999E-021
   152.50000000000000        2.0744827586206891E-021
   153.50000000000000        2.1693548387096778E-021
   154.50000000000000        2.3150000000000002E-021
   155.50000000000000        2.4005555555555568E-021
   156.50000000000000        2.5675000000000038E-021
   157.50000000000000        2.2700000000000004E-021
   158.50000000000000        2.8790909090909125E-021
   159.50000000000000        2.9770967741935498E-021
   160.50000000000000        2.9522857142857152E-021
   161.50000000000000        3.4499999999999881E-021
   162.50000000000000        3.1387499999999965E-021
   163.50000000000000        3.7770000000000066E-021
   164.50000000000000        2.9611111111110983E-021
   165.50000000000000        3.8348275862069012E-021
   166.50000000000000        3.7741379310344861E-021
   167.50000000000000        2.4799999999999877E-021
   168.50000000000000        2.7574999999999737E-021
   169.50000000000000        3.8717857142857091E-021
   170.50000000000000        5.1257142857143078E-021
   171.50000000000000        1.6527272727272665E-021
   172.50000000000000        1.9680000000000335E-021
   173.50000000000000        2.9857142857142856E-021
   174.50000000000000        4.6501250000000196E-021
   175.50000000000000        7.7149999999999682E-022
   176.50000000000000        4.3983333333333230E-022
   177.50000000000000        3.0527999999999996E-022
   178.50000000000000        2.6271428571428679E-022
   179.50000000000000        1.5833333333333329E-022
   180.50000000000000        1.4436249999999954E-022
   181.50000000000000        8.2237500000000444E-023
   182.50000000000000        8.3588888888889062E-023
   183.50000000000000        6.3259999999999626E-023
   184.50000000000000        3.0709999999999629E-023
   185.50000000000000        4.1600000000000000E-023
   186.50000000000000        2.5322222222222325E-023
   187.50000000000000        1.2949999999999976E-023
   188.50000000000000        1.1969333333333294E-023
   189.50000000000000        4.6426666666666256E-024
   190.50000000000000        5.0390909090909220E-024
   191.50000000000000        3.8390909090908997E-024
   192.50000000000000        2.0254545454545502E-024
   193.50000000000000        1.9479999999999937E-024
   194.50000000000000        3.3968421052631455E-024
   195.50000000000000        5.0915789473684051E-024
   196.50000000000000        6.9999999999999787E-024
   197.50000000000000        8.6000000000000006E-024
