     0.000 0.135E-11
     2.000 0.157E-11
     4.000 0.181E-11
     6.000 0.209E-11
     8.000 0.242E-11
    10.000 0.281E-11
    12.000 0.328E-11
    14.000 0.385E-11
    16.000 0.453E-11
    18.000 0.535E-11
    20.000 0.633E-11
    22.000 0.750E-11
    24.000 0.888E-11
    26.000 0.105E-10
    28.000 0.125E-10
    30.000 0.149E-10
    32.000 0.178E-10
    34.000 0.214E-10
    36.000 0.258E-10
    38.000 0.312E-10
    40.000 0.379E-10
    42.000 0.463E-10
    44.000 0.565E-10
    46.000 0.691E-10
    48.000 0.846E-10
    50.000 0.104E-09
    52.000 0.127E-09
    54.000 0.155E-09
    56.000 0.189E-09
    58.000 0.231E-09
    60.000 0.283E-09
    62.000 0.347E-09
    64.000 0.427E-09
    66.000 0.526E-09
    68.000 0.647E-09
    70.000 0.795E-09
    72.000 0.976E-09
    74.000 0.120E-08
    76.000 0.147E-08
    78.000 0.181E-08
    80.000 0.226E-08
    82.000 0.287E-08
    84.000 0.368E-08
    86.000 0.466E-08
    88.000 0.577E-08
    90.000 0.692E-08
    92.000 0.803E-08
    94.000 0.903E-08
    96.000 0.990E-08
    98.000 0.106E-07
   100.000 0.112E-07
   102.000 0.116E-07
   104.000 0.120E-07
   106.000 0.123E-07
   108.000 0.125E-07
   110.000 0.127E-07
   112.000 0.128E-07
   114.000 0.129E-07
   116.000 0.130E-07
   118.000 0.131E-07
   120.000 0.131E-07
   122.000 0.132E-07
   124.000 0.132E-07
   126.000 0.133E-07
   128.000 0.134E-07
   130.000 0.134E-07
   132.000 0.134E-07
   134.000 0.135E-07
   136.000 0.135E-07
   138.000 0.136E-07
   140.000 0.136E-07
   142.000 0.137E-07
   144.000 0.137E-07
   146.000 0.138E-07
   148.000 0.138E-07
   150.000 0.138E-07
   152.000 0.139E-07
   154.000 0.139E-07
   156.000 0.139E-07
   158.000 0.140E-07
   160.000 0.140E-07
   162.000 0.140E-07
   164.000 0.140E-07
   166.000 0.140E-07
   168.000 0.141E-07
   170.000 0.141E-07
   172.000 0.141E-07
   174.000 0.141E-07
   176.000 0.141E-07
   178.000 0.141E-07
   180.000 0.141E-07
   182.000 0.141E-07
   184.000 0.141E-07
   186.000 0.141E-07
   188.000 0.141E-07
   190.000 0.141E-07
   192.000 0.141E-07
   194.000 0.141E-07
   196.000 0.141E-07
   198.000 0.141E-07
   200.000 0.141E-07
