     0.000 0.458E-48
     2.000 0.458E-48
     4.000 0.409E-48
     6.000 0.363E-48
     8.000 0.322E-48
    10.000 0.284E-48
    12.000 0.250E-48
    14.000 0.219E-48
    16.000 0.192E-48
    18.000 0.167E-48
    20.000 0.144E-48
    22.000 0.124E-48
    24.000 0.107E-48
    26.000 0.912E-49
    28.000 0.775E-49
    30.000 0.655E-49
    32.000 0.551E-49
    34.000 0.460E-49
    36.000 0.382E-49
    38.000 0.315E-49
    40.000 0.258E-49
    42.000 0.210E-49
    44.000 0.170E-49
    46.000 0.136E-49
    48.000 0.108E-49
    50.000 0.849E-50
    52.000 0.662E-50
    54.000 0.510E-50
    56.000 0.390E-50
    58.000 0.294E-50
    60.000 0.219E-50
    62.000 0.161E-50
    64.000 0.144E-50
    66.000 0.144E-50
    68.000 0.144E-50
    70.000 0.144E-50
    72.000 0.144E-50
    74.000 0.144E-50
    76.000 0.144E-50
    78.000 0.144E-50
    80.000 0.144E-50
    82.000 0.144E-50
    84.000 0.144E-50
    86.000 0.144E-50
    88.000 0.144E-50
    90.000 0.144E-50
    92.000 0.144E-50
    94.000 0.148E-50
    96.000 0.160E-50
    98.000 0.183E-50
   100.000 0.218E-50
   102.000 0.272E-50
   104.000 0.350E-50
   106.000 0.462E-50
   108.000 0.624E-50
   110.000 0.853E-50
   112.000 0.118E-49
   114.000 0.162E-49
   116.000 0.223E-49
   118.000 0.305E-49
   120.000 0.413E-49
   122.000 0.552E-49
   124.000 0.728E-49
   126.000 0.945E-49
   128.000 0.121E-48
   130.000 0.152E-48
   132.000 0.188E-48
   134.000 0.229E-48
   136.000 0.275E-48
   138.000 0.325E-48
   140.000 0.379E-48
   142.000 0.435E-48
   144.000 0.494E-48
   146.000 0.554E-48
   148.000 0.615E-48
   150.000 0.675E-48
   152.000 0.734E-48
   154.000 0.792E-48
   156.000 0.846E-48
   158.000 0.898E-48
   160.000 0.947E-48
   162.000 0.992E-48
   164.000 0.103E-47
   166.000 0.107E-47
   168.000 0.110E-47
   170.000 0.114E-47
   172.000 0.116E-47
   174.000 0.119E-47
   176.000 0.121E-47
   178.000 0.123E-47
   180.000 0.124E-47
   182.000 0.125E-47
   184.000 0.127E-47
   186.000 0.128E-47
   188.000 0.128E-47
   190.000 0.129E-47
   192.000 0.130E-47
   194.000 0.130E-47
   196.000 0.131E-47
   198.000 0.131E-47
   200.000 0.131E-47
