     0.000 0.145E-09
     2.000 0.173E-09
     4.000 0.212E-09
     6.000 0.261E-09
     8.000 0.323E-09
    10.000 0.402E-09
    12.000 0.503E-09
    14.000 0.630E-09
    16.000 0.791E-09
    18.000 0.100E-08
    20.000 0.127E-08
    22.000 0.163E-08
    24.000 0.210E-08
    26.000 0.272E-08
    28.000 0.356E-08
    30.000 0.471E-08
    32.000 0.627E-08
    34.000 0.841E-08
    36.000 0.114E-07
    38.000 0.155E-07
    40.000 0.212E-07
    42.000 0.291E-07
    44.000 0.397E-07
    46.000 0.539E-07
    48.000 0.723E-07
    50.000 0.950E-07
    52.000 0.123E-06
    54.000 0.155E-06
    56.000 0.192E-06
    58.000 0.234E-06
    60.000 0.280E-06
    62.000 0.329E-06
    64.000 0.382E-06
    66.000 0.437E-06
    68.000 0.499E-06
    70.000 0.575E-06
    72.000 0.670E-06
    74.000 0.786E-06
    76.000 0.917E-06
    78.000 0.105E-05
    80.000 0.119E-05
    82.000 0.131E-05
    84.000 0.141E-05
    86.000 0.151E-05
    88.000 0.158E-05
    90.000 0.165E-05
    92.000 0.170E-05
    94.000 0.174E-05
    96.000 0.178E-05
    98.000 0.180E-05
   100.000 0.182E-05
   102.000 0.184E-05
   104.000 0.185E-05
   106.000 0.186E-05
   108.000 0.187E-05
   110.000 0.187E-05
   112.000 0.188E-05
   114.000 0.188E-05
   116.000 0.188E-05
   118.000 0.188E-05
   120.000 0.189E-05
   122.000 0.189E-05
   124.000 0.189E-05
   126.000 0.189E-05
   128.000 0.189E-05
   130.000 0.189E-05
   132.000 0.189E-05
   134.000 0.190E-05
   136.000 0.190E-05
   138.000 0.190E-05
   140.000 0.190E-05
   142.000 0.190E-05
   144.000 0.190E-05
   146.000 0.190E-05
   148.000 0.190E-05
   150.000 0.190E-05
   152.000 0.190E-05
   154.000 0.190E-05
   156.000 0.190E-05
   158.000 0.190E-05
   160.000 0.190E-05
   162.000 0.190E-05
   164.000 0.190E-05
   166.000 0.190E-05
   168.000 0.190E-05
   170.000 0.190E-05
   172.000 0.190E-05
   174.000 0.190E-05
   176.000 0.190E-05
   178.000 0.190E-05
   180.000 0.190E-05
   182.000 0.190E-05
   184.000 0.190E-05
   186.000 0.190E-05
   188.000 0.190E-05
   190.000 0.190E-05
   192.000 0.190E-05
   194.000 0.190E-05
   196.000 0.190E-05
   198.000 0.190E-05
   200.000 0.190E-05
