     0.000 0.134E-42
     2.000 0.134E-42
     4.000 0.137E-42
     6.000 0.140E-42
     8.000 0.142E-42
    10.000 0.145E-42
    12.000 0.148E-42
    14.000 0.151E-42
    16.000 0.154E-42
    18.000 0.157E-42
    20.000 0.160E-42
    22.000 0.164E-42
    24.000 0.167E-42
    26.000 0.171E-42
    28.000 0.175E-42
    30.000 0.179E-42
    32.000 0.183E-42
    34.000 0.187E-42
    36.000 0.191E-42
    38.000 0.196E-42
    40.000 0.200E-42
    42.000 0.205E-42
    44.000 0.210E-42
    46.000 0.216E-42
    48.000 0.221E-42
    50.000 0.227E-42
    52.000 0.233E-42
    54.000 0.239E-42
    56.000 0.246E-42
    58.000 0.253E-42
    60.000 0.260E-42
    62.000 0.268E-42
    64.000 0.271E-42
    66.000 0.271E-42
    68.000 0.271E-42
    70.000 0.271E-42
    72.000 0.271E-42
    74.000 0.272E-42
    76.000 0.272E-42
    78.000 0.272E-42
    80.000 0.272E-42
    82.000 0.272E-42
    84.000 0.272E-42
    86.000 0.272E-42
    88.000 0.272E-42
    90.000 0.272E-42
    92.000 0.272E-42
    94.000 0.272E-42
    96.000 0.270E-42
    98.000 0.267E-42
   100.000 0.262E-42
   102.000 0.257E-42
   104.000 0.251E-42
   106.000 0.244E-42
   108.000 0.237E-42
   110.000 0.229E-42
   112.000 0.222E-42
   114.000 0.214E-42
   116.000 0.207E-42
   118.000 0.200E-42
   120.000 0.193E-42
   122.000 0.186E-42
   124.000 0.180E-42
   126.000 0.174E-42
   128.000 0.168E-42
   130.000 0.163E-42
   132.000 0.159E-42
   134.000 0.154E-42
   136.000 0.150E-42
   138.000 0.147E-42
   140.000 0.143E-42
   142.000 0.140E-42
   144.000 0.138E-42
   146.000 0.135E-42
   148.000 0.133E-42
   150.000 0.131E-42
   152.000 0.129E-42
   154.000 0.128E-42
   156.000 0.126E-42
   158.000 0.125E-42
   160.000 0.124E-42
   162.000 0.123E-42
   164.000 0.122E-42
   166.000 0.122E-42
   168.000 0.121E-42
   170.000 0.120E-42
   172.000 0.120E-42
   174.000 0.119E-42
   176.000 0.119E-42
   178.000 0.119E-42
   180.000 0.119E-42
   182.000 0.118E-42
   184.000 0.118E-42
   186.000 0.118E-42
   188.000 0.118E-42
   190.000 0.118E-42
   192.000 0.118E-42
   194.000 0.118E-42
   196.000 0.118E-42
   198.000 0.117E-42
   200.000 0.117E-42
