     0.000 0.000E+00
     2.000 0.000E+00
     4.000 0.000E+00
     6.000 0.000E+00
     8.000 0.474-253
    10.000 0.276-202
    12.000 0.428-161
    14.000 0.576-128
    16.000 0.363-101
    18.000 0.230E-79
    20.000 0.121E-61
    22.000 0.293E-47
    24.000 0.133E-35
    26.000 0.353E-26
    28.000 0.141E-18
    30.000 0.182E-12
    32.000 0.131E-07
    34.000 0.982E-04
    36.000 0.120E+00
    38.000 0.339E+02
    40.000 0.289E+04
    42.000 0.944E+05
    44.000 0.142E+07
    46.000 0.114E+08
    48.000 0.563E+08
    50.000 0.187E+09
    52.000 0.466E+09
    54.000 0.933E+09
    56.000 0.158E+10
    58.000 0.237E+10
    60.000 0.321E+10
    62.000 0.399E+10
    64.000 0.455E+10
    66.000 0.486E+10
    68.000 0.500E+10
    70.000 0.500E+10
    72.000 0.490E+10
    74.000 0.469E+10
    76.000 0.440E+10
    78.000 0.407E+10
    80.000 0.373E+10
    82.000 0.341E+10
    84.000 0.311E+10
    86.000 0.280E+10
    88.000 0.248E+10
    90.000 0.215E+10
    92.000 0.181E+10
    94.000 0.149E+10
    96.000 0.120E+10
    98.000 0.953E+09
   100.000 0.745E+09
   102.000 0.578E+09
   104.000 0.447E+09
   106.000 0.345E+09
   108.000 0.267E+09
   110.000 0.207E+09
   112.000 0.162E+09
   114.000 0.127E+09
   116.000 0.100E+09
   118.000 0.799E+08
   120.000 0.641E+08
   122.000 0.518E+08
   124.000 0.422E+08
   126.000 0.347E+08
   128.000 0.286E+08
   130.000 0.238E+08
   132.000 0.199E+08
   134.000 0.168E+08
   136.000 0.142E+08
   138.000 0.121E+08
   140.000 0.104E+08
   142.000 0.890E+07
   144.000 0.768E+07
   146.000 0.665E+07
   148.000 0.578E+07
   150.000 0.504E+07
   152.000 0.441E+07
   154.000 0.387E+07
   156.000 0.340E+07
   158.000 0.300E+07
   160.000 0.265E+07
   162.000 0.235E+07
   164.000 0.208E+07
   166.000 0.185E+07
   168.000 0.164E+07
   170.000 0.146E+07
   172.000 0.130E+07
   174.000 0.116E+07
   176.000 0.104E+07
   178.000 0.927E+06
   180.000 0.829E+06
   182.000 0.742E+06
   184.000 0.664E+06
   186.000 0.595E+06
   188.000 0.533E+06
   190.000 0.478E+06
   192.000 0.429E+06
   194.000 0.385E+06
   196.000 0.346E+06
   198.000 0.310E+06
   200.000 0.279E+06
