     0.000 0.446E+11
     2.000 0.384E+11
     4.000 0.340E+11
     6.000 0.303E+11
     8.000 0.274E+11
    10.000 0.251E+11
    12.000 0.234E+11
    14.000 0.221E+11
    16.000 0.211E+11
    18.000 0.205E+11
    20.000 0.200E+11
    22.000 0.198E+11
    24.000 0.196E+11
    26.000 0.194E+11
    28.000 0.193E+11
    30.000 0.192E+11
    32.000 0.190E+11
    34.000 0.188E+11
    36.000 0.187E+11
    38.000 0.186E+11
    40.000 0.185E+11
    42.000 0.184E+11
    44.000 0.183E+11
    46.000 0.182E+11
    48.000 0.179E+11
    50.000 0.174E+11
    52.000 0.166E+11
    54.000 0.156E+11
    56.000 0.144E+11
    58.000 0.129E+11
    60.000 0.113E+11
    62.000 0.956E+10
    64.000 0.778E+10
    66.000 0.617E+10
    68.000 0.485E+10
    70.000 0.383E+10
    72.000 0.307E+10
    74.000 0.249E+10
    76.000 0.204E+10
    78.000 0.166E+10
    80.000 0.134E+10
    82.000 0.107E+10
    84.000 0.849E+09
    86.000 0.667E+09
    88.000 0.522E+09
    90.000 0.408E+09
    92.000 0.318E+09
    94.000 0.247E+09
    96.000 0.190E+09
    98.000 0.146E+09
   100.000 0.111E+09
   102.000 0.849E+08
   104.000 0.648E+08
   106.000 0.496E+08
   108.000 0.381E+08
   110.000 0.294E+08
   112.000 0.229E+08
   114.000 0.179E+08
   116.000 0.141E+08
   118.000 0.113E+08
   120.000 0.903E+07
   122.000 0.730E+07
   124.000 0.595E+07
   126.000 0.489E+07
   128.000 0.404E+07
   130.000 0.337E+07
   132.000 0.282E+07
   134.000 0.237E+07
   136.000 0.201E+07
   138.000 0.171E+07
   140.000 0.147E+07
   142.000 0.126E+07
   144.000 0.109E+07
   146.000 0.942E+06
   148.000 0.819E+06
   150.000 0.715E+06
   152.000 0.625E+06
   154.000 0.548E+06
   156.000 0.482E+06
   158.000 0.425E+06
   160.000 0.376E+06
   162.000 0.332E+06
   164.000 0.295E+06
   166.000 0.262E+06
   168.000 0.233E+06
   170.000 0.207E+06
   172.000 0.184E+06
   174.000 0.165E+06
   176.000 0.147E+06
   178.000 0.131E+06
   180.000 0.117E+06
   182.000 0.105E+06
   184.000 0.941E+05
   186.000 0.843E+05
   188.000 0.756E+05
   190.000 0.678E+05
   192.000 0.608E+05
   194.000 0.546E+05
   196.000 0.490E+05
   198.000 0.440E+05
   200.000 0.395E+05
