# 0          References for Cross Section of NO2       Total   
# Cross section:                                                                  
# Lambda = 0.6-940. A                                                             
#    Assumed same cross section as HONO                                           
# Lambda = 1080.-1800. A                                                          
#    Nakayama, T., Kitamura, M. Y., Watanabe, K. (1959)                           
#    J. Chem. Phys. 30, 1180                                                      
# Lambda = 1850.-3978.00 A                                                        
#    Bass, A. M., Ledford, A. E., Laufer, A. H. (1976)                            
#    J. Res. NBS A Phys. Chem. 80A, 143                                           
# Dissociation limit and energy:                                                  
# Lambda = 3978. A                                                                
#    Jones, I. T. N., Bayes, K. D. (1973)                                         
#    J. Chem. Phys. 59, 4863                                                      
#                                                                                 
# 0          References for Cross Section of NO2       NO2+    
# Branching ratio:                                                                
# Lambda = 1080.-1270. A                                                          
#    Nakayama, T., Kitamura, M. Y., Watanabe, K. (1959)                           
#    J. Chem. Phys. 30, 1180                                                      
#                                                                                 
# 0          References for Cross Section of NO2       NO/O1D  
#                                                                                 
# 0 Branching ratio for NO2      Total        3 branches
#  Lambda   NO/O1D   
 108.00   2.52E-18 
 110.00   3.51E-18 
 112.00   3.93E-18 
 114.00   4.48E-18 
 116.00   3.35E-18 
 118.00   3.64E-18 
 120.00   3.32E-18 
 122.00   5.11E-18 
 124.00   8.81E-18 
 126.00   1.49E-17 
 128.00   1.45E-17 
 130.00   6.70E-18 
 132.00   3.16E-18 
 134.00   5.75E-18 
 136.00   4.28E-18 
 138.00   5.15E-18 
 140.00   5.60E-18 
 142.00   6.50E-18 
 144.00   9.50E-18 
 146.00   6.15E-18 
 148.00   5.20E-18 
 150.00   5.40E-18 
 152.00   1.00E-17 
 154.00   7.70E-18 
 156.00   7.50E-18 
 158.00   7.05E-18 
 160.00   7.40E-18 
 165.00   7.85E-18 
 170.00   8.20E-18 
 175.00   5.20E-18 
 180.00   3.16E-18 
 185.00   1.30E-19 
 185.13   1.29E-19 
 185.25   1.35E-19 
 185.38   1.23E-19 
 185.50   1.23E-19 
 185.63   1.36E-19 
 185.75   1.19E-19 
 185.88   1.32E-19 
 186.00   1.35E-19 
 186.13   1.38E-19 
 186.25   1.39E-19 
 186.38   1.17E-19 
 186.50   1.20E-19 
 186.63   1.35E-19 
 186.75   1.37E-19 
 186.88   1.24E-19 
 187.00   1.30E-19 
 187.13   1.31E-19 
 187.25   1.38E-19 
 187.38   1.30E-19 
 187.50   1.42E-19 
 187.63   1.35E-19 
 187.75   1.27E-19 
 187.88   1.40E-19 
 188.00   1.43E-19 
 188.13   1.43E-19 
 188.25   1.37E-19 
 188.38   1.37E-19 
 188.50   1.32E-19 
 188.63   1.40E-19 
 188.75   1.40E-19 
 188.88   1.38E-19 
 189.00   1.50E-19 
 189.13   1.45E-19 
 189.25   1.50E-19 
 189.38   1.47E-19 
 189.50   1.45E-19 
 189.63   1.43E-19 
 189.75   1.47E-19 
 189.88   1.45E-19 
 190.00   1.47E-19 
 190.13   1.38E-19 
 190.25   1.37E-19 
 190.38   1.30E-19 
 190.50   1.27E-19 
 190.63   1.37E-19 
 190.75   1.37E-19 
 190.88   1.40E-19 
 191.00   1.42E-19 
 191.13   1.29E-19 
 191.25   1.42E-19 
 191.38   1.42E-19 
 191.50   1.42E-19 
 191.63   1.38E-19 
 191.75   1.45E-19 
 191.88   1.30E-19 
 192.00   1.35E-19 
 192.13   1.32E-19 
 192.25   1.24E-19 
 192.38   1.35E-19 
 192.50   1.32E-19 
 192.63   1.35E-19 
 192.75   1.28E-19 
 192.88   1.26E-19 
 193.00   1.25E-19 
 193.13   1.23E-19 
 193.25   1.18E-19 
 193.38   1.32E-19 
 193.50   1.23E-19 
 193.63   1.22E-19 
 193.75   1.24E-19 
 193.88   1.07E-19 
 194.00   1.24E-19 
 194.13   1.27E-19 
 194.25   1.27E-19 
 194.38   1.24E-19 
 194.50   1.34E-19 
 194.63   1.37E-19 
 194.75   1.34E-19 
 194.88   1.32E-19 
 195.00   1.21E-19 
 195.13   1.19E-19 
 195.25   1.22E-19 
 195.38   1.23E-19 
 195.50   1.08E-19 
 195.63   1.11E-19 
 195.75   1.09E-19 
 195.88   1.12E-19 
 196.00   1.18E-19 
 196.13   1.18E-19 
 196.25   1.20E-19 
 196.38   1.14E-19 
 196.50   1.28E-19 
 196.63   1.29E-19 
 196.75   1.21E-19 
 196.88   1.24E-19 
 197.00   1.20E-19 
 197.13   1.26E-19 
 197.25   1.23E-19 
 197.38   1.20E-19 
 197.50   1.23E-19 
 197.63   1.30E-19 
 197.75   1.24E-19 
 197.88   1.24E-19 
 198.00   1.23E-19 
 198.13   1.34E-19 
 198.25   1.26E-19 
 198.38   1.24E-19 
 198.50   1.28E-19 
 198.63   1.23E-19 
 198.75   1.26E-19 
 198.88   1.18E-19 
 199.00   1.18E-19 
 199.13   1.21E-19 
 199.25   1.22E-19 
 199.38   1.13E-19 
 199.50   1.24E-19 
 199.63   1.14E-19 
 199.75   1.29E-19 
 199.88   1.25E-19 
 200.00   1.25E-19 
 200.13   1.35E-19 
 200.25   1.35E-19 
 200.38   1.31E-19 
 200.50   1.34E-19 
 200.63   1.42E-19 
 200.75   1.47E-19 
 200.88   1.44E-19 
 201.00   1.43E-19 
 201.13   1.49E-19 
 201.25   1.45E-19 
 201.38   1.50E-19 
 201.50   1.36E-19 
 201.63   1.40E-19 
 201.75   1.44E-19 
 201.88   1.42E-19 
 202.00   1.42E-19 
 202.13   1.28E-19 
 202.25   1.32E-19 
 202.38   1.37E-19 
 202.50   1.37E-19 
 202.63   1.36E-19 
 202.75   1.38E-19 
 202.88   1.44E-19 
 203.00   1.39E-19 
 203.13   1.38E-19 
 203.25   1.43E-19 
 203.38   1.43E-19 
 203.50   1.54E-19 
 203.63   1.57E-19 
 203.75   1.51E-19 
 203.88   1.52E-19 
 204.00   1.68E-19 
 204.13   1.69E-19 
 204.25   1.72E-19 
 204.38   1.69E-19 
 204.50   1.73E-19 
 204.63   1.76E-19 
 204.75   1.78E-19 
 204.88   1.76E-19 
 205.00   1.83E-19 
 205.13   1.78E-19 
 205.25   1.84E-19 
 205.38   1.80E-19 
 205.50   1.69E-19 
 205.63   1.71E-19 
 205.75   1.66E-19 
 205.88   1.62E-19 
 206.00   1.62E-19 
 206.13   1.65E-19 
 206.25   1.68E-19 
 206.38   1.65E-19 
 206.50   1.62E-19 
 206.63   1.64E-19 
 206.75   1.62E-19 
 206.88   1.71E-19 
 207.00   1.66E-19 
 207.13   1.70E-19 
 207.25   1.75E-19 
 207.38   1.76E-19 
 207.50   1.84E-19 
 207.63   1.88E-19 
 207.75   1.87E-19 
 207.88   1.97E-19 
 208.00   2.03E-19 
 208.13   2.19E-19 
 208.25   2.12E-19 
 208.38   2.16E-19 
 208.50   2.17E-19 
 208.63   2.12E-19 
 208.75   2.08E-19 
 208.88   2.06E-19 
 209.00   2.05E-19 
 209.13   2.05E-19 
 209.25   2.04E-19 
 209.38   1.99E-19 
 209.50   1.96E-19 
 209.63   1.87E-19 
 209.75   1.91E-19 
 209.88   1.93E-19 
 210.00   1.84E-19 
 210.13   1.81E-19 
 210.25   1.76E-19 
 210.38   1.75E-19 
 210.50   1.78E-19 
 210.63   1.80E-19 
 210.75   1.80E-19 
 210.88   1.80E-19 
 211.00   1.87E-19 
 211.13   1.93E-19 
 211.25   1.92E-19 
 211.38   1.96E-19 
 211.50   2.01E-19 
 211.63   2.10E-19 
 211.75   2.10E-19 
 211.88   2.15E-19 
 212.00   2.17E-19 
 212.13   2.20E-19 
 212.25   2.22E-19 
 212.38   2.26E-19 
 212.50   2.30E-19 
 212.63   2.36E-19 
 212.75   2.39E-19 
 212.88   2.35E-19 
 213.00   2.31E-19 
 213.13   2.24E-19 
 213.25   2.17E-19 
 213.38   2.15E-19 
 213.50   2.14E-19 
 213.63   2.13E-19 
 213.75   2.11E-19 
 213.88   2.05E-19 
 214.00   1.99E-19 
 214.13   2.00E-19 
 214.25   1.95E-19 
 214.38   1.97E-19 
 214.50   1.97E-19 
 214.63   2.01E-19 
 214.75   1.99E-19 
 214.88   1.98E-19 
 215.00   1.87E-19 
 215.13   1.85E-19 
 215.25   1.91E-19 
 215.38   1.85E-19 
 215.50   1.85E-19 
 215.63   1.92E-19 
 215.75   1.97E-19 
 215.88   2.11E-19 
 216.00   2.15E-19 
 216.13   2.21E-19 
 216.25   2.22E-19 
 216.38   2.25E-19 
 216.50   2.24E-19 
 216.63   2.25E-19 
 216.75   2.30E-19 
 216.88   2.30E-19 
 217.00   2.30E-19 
 217.13   2.30E-19 
 217.25   2.28E-19 
 217.38   2.23E-19 
 217.50   2.17E-19 
 217.63   2.17E-19 
 217.75   2.09E-19 
 217.88   2.04E-19 
 218.00   2.01E-19 
 218.13   1.91E-19 
 218.25   1.93E-19 
 218.38   1.92E-19 
 218.50   1.90E-19 
 218.63   1.95E-19 
 218.75   1.91E-19 
 218.88   1.90E-19 
 219.00   1.79E-19 
 219.13   1.76E-19 
 219.25   1.77E-19 
 219.38   1.73E-19 
 219.50   1.69E-19 
 219.63   1.72E-19 
 219.75   1.74E-19 
 219.88   1.78E-19 
 220.00   1.80E-19 
 220.13   1.86E-19 
 220.25   1.83E-19 
 220.38   1.90E-19 
 220.50   1.96E-19 
 220.63   2.07E-19 
 220.75   2.11E-19 
 220.88   2.19E-19 
 221.00   2.21E-19 
 221.13   2.20E-19 
 221.25   2.19E-19 
 221.38   2.16E-19 
 221.50   2.20E-19 
 221.63   2.19E-19 
 221.75   2.13E-19 
 221.88   2.16E-19 
 222.00   2.10E-19 
 222.13   2.05E-19 
 222.25   2.04E-19 
 222.38   1.92E-19 
 222.50   1.84E-19 
 222.63   1.87E-19 
 222.75   1.81E-19 
 222.88   1.76E-19 
 223.00   1.68E-19 
 223.13   1.59E-19 
 223.25   1.59E-19 
 223.38   1.56E-19 
 223.50   1.56E-19 
 223.63   1.53E-19 
 223.75   1.55E-19 
 223.88   1.55E-19 
 224.00   1.56E-19 
 224.13   1.59E-19 
 224.25   1.61E-19 
 224.38   1.61E-19 
 224.50   1.50E-19 
 224.63   1.51E-19 
 224.75   1.43E-19 
 224.88   1.45E-19 
 225.00   1.44E-19 
 225.13   1.40E-19 
 225.25   1.44E-19 
 225.38   1.52E-19 
 225.50   1.59E-19 
 225.63   1.65E-19 
 225.75   1.79E-19 
 225.88   1.86E-19 
 226.00   1.97E-19 
 226.13   2.06E-19 
 226.25   2.09E-19 
 226.38   2.05E-19 
 226.50   2.01E-19 
 226.63   1.92E-19 
 226.75   1.84E-19 
 226.88   1.73E-19 
 227.00   1.61E-19 
 227.13   1.54E-19 
 227.25   1.47E-19 
 227.38   1.38E-19 
 227.50   1.33E-19 
 227.63   1.23E-19 
 227.75   1.24E-19 
 227.88   1.25E-19 
 228.00   1.28E-19 
 228.13   1.26E-19 
 228.25   1.22E-19 
 228.38   1.30E-19 
 228.50   1.27E-19 
 228.63   1.24E-19 
 228.75   1.18E-19 
 228.88   1.19E-19 
 229.00   1.12E-19 
 229.13   1.08E-19 
 229.25   1.04E-19 
 229.38   9.79E-20 
 229.50   9.52E-20 
 229.63   9.52E-20 
 229.75   9.64E-20 
 229.88   9.68E-20 
 230.00   1.05E-19 
 230.13   1.07E-19 
 230.25   1.12E-19 
 230.38   1.16E-19 
 230.50   1.13E-19 
 230.63   1.21E-19 
 230.75   1.25E-19 
 230.88   1.25E-19 
 231.00   1.33E-19 
 231.13   1.31E-19 
 231.25   1.31E-19 
 231.38   1.29E-19 
 231.50   1.25E-19 
 231.63   1.20E-19 
 231.75   1.20E-19 
 231.88   1.13E-19 
 232.00   1.14E-19 
 232.13   1.10E-19 
 232.25   1.10E-19 
 232.38   1.14E-19 
 232.50   1.19E-19 
 232.63   1.18E-19 
 232.75   1.14E-19 
 232.88   1.09E-19 
 233.00   1.02E-19 
 233.13   9.64E-20 
 233.25   8.95E-20 
 233.38   8.10E-20 
 233.50   7.37E-20 
 233.63   6.73E-20 
 233.75   6.05E-20 
 233.88   5.79E-20 
 234.00   5.58E-20 
 234.13   5.45E-20 
 234.25   5.44E-20 
 234.38   5.31E-20 
 234.50   4.85E-20 
 234.63   4.38E-20 
 234.75   4.50E-20 
 234.88   5.30E-20 
 235.00   6.22E-20 
 235.13   6.38E-20 
 235.25   7.72E-20 
 235.38   8.72E-20 
 235.50   8.63E-20 
 235.63   8.08E-20 
 235.75   6.95E-20 
 235.88   6.53E-20 
 236.00   5.85E-20 
 236.13   5.47E-20 
 236.25   5.76E-20 
 236.38   6.13E-20 
 236.50   6.59E-20 
 236.63   6.50E-20 
 236.75   6.33E-20 
 236.88   6.16E-20 
 237.00   6.19E-20 
 237.13   6.40E-20 
 237.25   6.60E-20 
 237.38   7.05E-20 
 237.50   7.42E-20 
 237.63   7.50E-20 
 237.75   7.08E-20 
 237.88   6.58E-20 
 238.00   5.95E-20 
 238.13   5.25E-20 
 238.25   4.75E-20 
 238.38   4.37E-20 
 238.50   3.76E-20 
 238.63   3.63E-20 
 238.75   3.18E-20 
 238.88   2.90E-20 
 239.00   3.46E-20 
 239.13   4.68E-20 
 239.25   4.97E-20 
 239.38   4.96E-20 
 239.50   4.31E-20 
 239.63   3.98E-20 
 239.75   3.60E-20 
 239.88   3.06E-20 
 240.00   2.74E-20 
 240.13   2.25E-20 
 240.25   2.35E-20 
 240.38   1.93E-20 
 240.50   1.52E-20 
 240.63   1.06E-20 
 240.75   1.23E-20 
 240.88   1.09E-20 
 241.00   1.07E-20 
 241.13   7.84E-21 
 241.25   5.73E-21 
 241.38   1.03E-20 
 241.50   5.55E-21 
 241.63   1.21E-20 
 241.75   1.07E-20 
 241.88   1.64E-20 
 242.00   3.01E-20 
 242.13   4.69E-20 
 242.25   5.69E-20 
 242.38   5.85E-20 
 242.50   4.84E-20 
 242.63   4.27E-20 
 242.75   3.35E-20 
 242.88   2.72E-20 
 243.00   2.48E-20 
 243.13   2.53E-20 
 243.25   2.69E-20 
 243.38   2.17E-20 
 243.50   1.98E-20 
 243.63   1.53E-20 
 243.75   1.49E-20 
 243.88   1.26E-20 