13.776	1.300e-18
14.089	1.390e-18
14.417	1.460e-18
14.760	1.520e-18
15.120	1.670e-18
15.498	1.790e-18
15.895	1.900e-18
16.314	2.050e-18
16.755	2.200e-18
17.220	2.410e-18
17.712	2.580e-18
18.233	2.770e-18
18.785	3.040e-18
19.373	3.280e-18
19.997	3.550e-18
20.664	3.870e-18
21.014	4.050e-18
21.377	4.400e-18
21.752	4.570e-18
22.140	4.790e-18
22.543	4.950e-18
22.960	5.430e-18
23.393	5.690e-18
23.843	5.910e-18
24.311	6.150e-18
24.797	6.600e-18
25.303	6.850e-18
25.830	7.390e-18
26.380	7.820e-18
26.953	8.370e-18
27.552	8.580e-18
28.178	9.140e-18
28.834	9.620e-18
29.520	1.018e-17
30.240	1.098e-17
30.996	1.188e-17
31.791	1.253e-17
32.627	1.363e-17
33.509	1.437e-17
34.440	1.530e-17
35.424	1.641e-17
36.466	1.776e-17
37.571	1.895e-17
38.745	2.106e-17
39.995	2.201e-17
41.328	2.428e-17
42.029	2.598e-17
42.753	2.688e-17
43.503	2.864e-17
44.280	2.931e-17
45.085	3.134e-17
45.920	3.186e-17
46.787	3.385e-17
47.686	3.643e-17
48.621	3.676e-17
49.594	3.867e-17
50.606	4.012e-17
51.660	4.264e-17
52.647	4.402e-17
52.692	4.407e-17
52.714	4.413e-17
52.737	4.414e-17
52.759	4.416e-17
52.782	4.429e-17
52.804	4.432e-17
52.827	4.438e-17
52.849	4.434e-17
52.872	4.446e-17
52.917	4.452e-17
52.939	4.457e-17
52.962	4.461e-17
52.985	4.466e-17
53.007	4.466e-17
53.030	4.473e-17
53.053	4.477e-17
53.075	4.485e-17
53.098	4.490e-17
53.144	4.495e-17
53.166	4.498e-17
53.189	4.501e-17
53.212	4.509e-17
53.235	4.512e-17
53.258	4.522e-17
53.281	4.525e-17
53.304	4.530e-17
53.327	4.532e-17
53.350	4.537e-17
53.395	4.545e-17
53.418	4.546e-17
53.441	4.554e-17
53.465	4.557e-17
53.488	4.563e-17
53.511	4.570e-17
53.534	4.570e-17
53.557	4.578e-17
53.580	4.579e-17
53.603	4.589e-17
53.626	4.590e-17
53.650	4.590e-17
53.696	4.600e-17
53.719	4.607e-17
53.743	4.613e-17
53.766	4.616e-17
53.789	4.618e-17
53.813	4.627e-17
53.836	4.634e-17
53.859	4.635e-17
53.883	4.639e-17
53.906	4.648e-17
53.930	4.648e-17
53.953	4.654e-17
53.977	4.663e-17
54.000	4.661e-17
54.047	4.672e-17
54.071	4.672e-17
54.094	4.680e-17
54.118	4.688e-17
54.142	4.688e-17
54.165	4.696e-17
54.189	4.703e-17
54.213	4.706e-17
54.236	4.713e-17
54.260	4.716e-17
54.284	4.723e-17
54.308	4.725e-17
54.331	4.734e-17
54.355	4.734e-17
54.379	4.741e-17
54.403	4.745e-17
54.427	4.749e-17
54.451	4.760e-17
54.499	4.759e-17
54.523	4.768e-17
54.547	4.774e-17
54.571	4.775e-17
54.595	4.784e-17
54.619	4.791e-17
54.643	4.795e-17
54.667	4.799e-17
54.691	4.804e-17
54.715	4.813e-17
54.739	4.810e-17
54.763	4.815e-17
54.788	4.827e-17
54.812	4.830e-17
54.836	4.837e-17
54.860	4.835e-17
54.885	4.845e-17
54.909	4.849e-17
54.933	4.856e-17
54.958	4.861e-17
54.982	4.866e-17
55.006	4.871e-17
55.031	4.873e-17
55.055	4.866e-17
55.080	4.885e-17
55.104	4.893e-17
55.129	4.896e-17
55.153	4.898e-17
55.178	4.907e-17
55.202	4.911e-17
55.227	4.909e-17
55.251	4.915e-17
55.276	4.926e-17
55.325	4.935e-17
55.325	4.930e-17
55.375	4.940e-17
55.400	4.945e-17
55.424	4.946e-17
55.449	4.947e-17
55.474	4.956e-17
55.499	4.956e-17
55.524	4.967e-17
55.549	4.970e-17
55.573	4.974e-17
55.598	4.976e-17
55.623	4.983e-17
55.648	4.985e-17
55.673	4.992e-17
55.698	4.995e-17
55.723	5.000e-17
55.748	5.006e-17
55.773	5.008e-17
55.798	5.009e-17
55.824	5.008e-17
55.849	5.019e-17
55.874	5.023e-17
55.899	5.019e-17
55.924	5.031e-17
55.950	5.036e-17
55.975	5.037e-17
56.000	5.045e-17
56.025	5.047e-17
56.051	5.049e-17
56.076	5.048e-17
56.101	5.057e-17
56.127	5.062e-17
56.152	5.071e-17
56.152	5.062e-17
56.178	5.074e-17
56.203	5.067e-17
56.229	5.080e-17
56.254	5.082e-17
56.280	5.089e-17
56.305	5.090e-17
56.331	5.096e-17
56.356	5.095e-17
56.382	5.103e-17
56.408	5.105e-17
56.433	5.113e-17
56.459	5.117e-17
56.485	5.122e-17
56.511	5.124e-17
56.536	5.127e-17
56.562	5.132e-17
56.588	5.134e-17
56.614	5.135e-17
56.640	5.141e-17
56.666	5.143e-17
56.691	5.149e-17
56.717	5.155e-17
56.743	5.156e-17
56.769	5.166e-17
56.795	5.171e-17
56.821	5.171e-17
56.847	5.177e-17
56.874	5.176e-17
56.900	5.186e-17
56.926	5.192e-17
56.952	5.196e-17
56.978	5.198e-17
56.978	5.199e-17
57.004	5.208e-17
57.030	5.218e-17
57.057	5.220e-17
57.083	5.223e-17
57.109	5.230e-17
57.136	5.237e-17
57.162	5.243e-17
57.188	5.246e-17
57.215	5.250e-17
57.241	5.260e-17
57.268	5.261e-17
57.294	5.267e-17
57.321	5.277e-17
57.347	5.282e-17
57.374	5.286e-17
57.400	5.285e-17
57.427	5.296e-17
57.453	5.300e-17
57.480	5.313e-17
57.480	5.304e-17
57.507	5.322e-17
57.533	5.328e-17
57.560	5.335e-17
57.587	5.336e-17
57.614	5.348e-17
57.640	5.355e-17
57.667	5.362e-17
57.694	5.366e-17
57.721	5.373e-17
57.748	5.381e-17
57.775	5.383e-17
57.802	5.382e-17
57.828	5.408e-17
57.828	5.399e-17
57.855	5.413e-17
57.882	5.417e-17
57.910	5.429e-17
57.937	5.432e-17
57.964	5.443e-17
57.991	5.449e-17
58.018	5.457e-17
58.045	5.463e-17
58.072	5.468e-17
58.099	5.475e-17
58.127	5.483e-17
58.154	5.492e-17
58.154	5.494e-17
58.181	5.506e-17
58.209	5.515e-17
58.236	5.522e-17
58.263	5.528e-17
58.291	5.529e-17
58.318	5.543e-17
58.346	5.543e-17
58.373	5.560e-17
58.400	5.568e-17
58.428	5.571e-17
58.456	5.587e-17
58.456	5.583e-17
58.483	5.597e-17
58.511	5.606e-17
58.538	5.611e-17
58.566	5.613e-17
58.594	5.627e-17
58.621	5.635e-17
58.649	5.641e-17
58.677	5.639e-17
58.705	5.664e-17
58.705	5.655e-17
58.732	5.666e-17
58.760	5.676e-17
58.788	5.685e-17
58.816	5.693e-17
58.844	5.698e-17
58.872	5.708e-17
58.900	5.712e-17
58.928	5.713e-17
58.956	5.731e-17
58.956	5.724e-17
58.984	5.732e-17
59.012	5.747e-17
59.040	5.753e-17
59.068	5.759e-17
59.096	5.761e-17
59.125	5.768e-17
59.153	5.780e-17
59.153	5.780e-17
59.181	5.792e-17
59.209	5.797e-17
59.238	5.805e-17
59.266	5.807e-17
59.294	5.809e-17
59.323	5.821e-17
59.351	5.823e-17
59.379	5.840e-17
59.379	5.836e-17
59.408	5.847e-17
59.436	5.849e-17
59.465	5.862e-17
59.493	5.867e-17
59.522	5.871e-17
59.551	5.871e-17
59.579	5.884e-17
59.579	5.880e-17
59.608	5.891e-17
59.636	5.895e-17
59.665	5.901e-17
59.694	5.901e-17
59.723	5.909e-17
59.751	5.921e-17
59.780	5.932e-17
59.780	5.927e-17
59.809	5.938e-17
59.838	5.941e-17
59.867	5.951e-17
59.896	5.951e-17
59.925	5.958e-17
59.954	5.961e-17
59.954	5.958e-17
59.983	5.967e-17
60.012	5.972e-17
60.041	5.977e-17
60.070	5.966e-17
60.099	5.987e-17
60.128	5.999e-17
60.128	5.985e-17
60.157	6.004e-17
60.187	6.013e-17
60.216	6.020e-17
60.245	6.026e-17
60.274	6.030e-17
60.304	6.038e-17
60.304	6.031e-17
60.333	6.039e-17
60.362	6.040e-17
60.392	6.037e-17
60.421	6.042e-17
60.451	6.039e-17
60.480	6.046e-17
60.480	6.051e-17
60.510	6.062e-17
60.539	6.071e-17
60.569	6.084e-17
60.598	6.093e-17
60.628	6.109e-17
60.628	6.099e-17
60.658	6.111e-17
60.687	6.114e-17
60.717	6.119e-17
60.747	6.117e-17
60.777	6.119e-17
60.806	6.107e-17
60.806	6.103e-17
60.836	6.112e-17
60.866	6.113e-17
60.896	6.121e-17
60.926	6.124e-17
60.956	6.139e-17
60.956	6.136e-17
60.986	6.156e-17
61.016	6.158e-17
61.046	6.169e-17
61.076	6.178e-17
61.106	6.196e-17
61.106	6.188e-17
61.136	6.196e-17
61.166	6.199e-17
61.197	6.202e-17
61.227	6.183e-17
61.257	6.177e-17
61.257	6.181e-17
61.287	6.172e-17
61.318	6.164e-17
61.348	6.176e-17
61.378	6.204e-17
61.378	6.192e-17
61.409	6.220e-17
61.439	6.234e-17
61.470	6.258e-17
61.500	6.277e-17
61.531	6.303e-17
61.531	6.294e-17
61.561	6.299e-17
61.592	6.291e-17
61.622	6.276e-17
61.653	6.259e-17
61.653	6.260e-17
61.684	6.239e-17
61.714	6.233e-17
61.745	6.231e-17
61.776	6.228e-17
61.807	6.264e-17
61.807	6.244e-17
61.838	6.284e-17
61.868	6.305e-17
61.899	6.317e-17
61.930	6.337e-17
61.930	6.332e-17
61.961	6.342e-17
61.992	6.342e-17
62.023	6.353e-17
62.054	6.355e-17
62.054	6.354e-17
62.085	6.348e-17
62.116	6.337e-17
62.147	6.308e-17
62.179	6.290e-17
62.179	6.297e-17
62.210	6.293e-17
62.241	6.304e-17
62.272	6.311e-17
62.304	6.357e-17
62.304	6.337e-17
62.335	6.380e-17
62.366	6.411e-17
62.398	6.433e-17
62.429	6.477e-17
62.429	6.463e-17
62.461	6.496e-17
62.492	6.495e-17
62.524	6.477e-17
62.555	6.430e-17
62.555	6.448e-17
62.587	6.410e-17
62.618	6.383e-17
62.650	6.362e-17
62.682	6.365e-17
62.682	6.363e-17
62.713	6.377e-17
62.745	6.396e-17
62.777	6.444e-17
62.777	6.421e-17
62.809	6.466e-17
62.840	6.486e-17
62.872	6.507e-17
62.904	6.504e-17
62.904	6.509e-17
62.936	6.502e-17
62.968	6.487e-17
63.000	6.482e-17
63.032	6.468e-17
63.032	6.475e-17
63.064	6.455e-17
63.096	6.448e-17
63.128	6.425e-17
63.128	6.436e-17
63.161	6.439e-17
63.193	6.447e-17
63.225	6.472e-17
63.257	6.525e-17
63.257	6.497e-17
63.290	6.561e-17
63.322	6.597e-17
63.354	6.619e-17
63.354	6.604e-17
63.387	6.620e-17
63.419	6.623e-17
63.452	6.616e-17
63.452	6.620e-17
63.484	6.616e-17
63.517	6.607e-17
63.549	6.591e-17
63.582	6.562e-17
63.582	6.573e-17
63.614	6.553e-17
63.647	6.547e-17
63.680	6.552e-17
63.680	6.555e-17
63.712	6.581e-17
63.745	6.574e-17
63.778	6.609e-17
63.778	6.603e-17
63.811	6.611e-17
63.844	6.629e-17
63.876	6.643e-17
63.876	6.637e-17
63.909	6.639e-17
63.942	6.625e-17
63.975	6.594e-17
63.975	6.612e-17
64.008	6.582e-17
64.041	6.572e-17
64.075	6.573e-17
64.075	6.565e-17
64.108	6.584e-17
64.141	6.608e-17
64.174	6.627e-17
64.207	6.664e-17
64.207	6.649e-17
64.241	6.688e-17
64.274	6.721e-17
64.307	6.773e-17
64.307	6.749e-17
64.341	6.772e-17
64.374	6.757e-17
64.374	6.770e-17
64.407	6.738e-17
64.441	6.725e-17
64.474	6.718e-17
64.474	6.718e-17
64.508	6.714e-17
64.542	6.721e-17
64.575	6.739e-17
64.575	6.728e-17
64.609	6.751e-17
64.642	6.748e-17
64.676	6.782e-17
64.676	6.763e-17
64.710	6.800e-17
64.744	6.808e-17
64.778	6.813e-17
64.778	6.819e-17
64.811	6.810e-17
64.845	6.809e-17
64.879	6.796e-17
64.879	6.800e-17
64.913	6.790e-17
64.947	6.763e-17
64.947	6.780e-17
64.981	6.766e-17
65.015	6.760e-17
65.049	6.758e-17
65.049	6.761e-17
65.084	6.767e-17
65.118	6.779e-17
65.152	6.819e-17
65.152	6.794e-17
65.186	6.844e-17
65.221	6.874e-17
65.221	6.860e-17
65.255	6.887e-17
65.289	6.894e-17
65.324	6.894e-17
65.324	6.892e-17
65.358	6.895e-17
65.393	6.896e-17
65.427	6.873e-17
65.427	6.888e-17
65.462	6.875e-17
65.496	6.886e-17
65.496	6.880e-17
65.531	6.905e-17
65.565	6.927e-17
65.600	6.959e-17
65.600	6.945e-17
65.635	6.966e-17
65.670	6.965e-17
65.704	6.984e-17
65.704	6.975e-17
65.739	6.993e-17
65.774	7.016e-17
65.774	7.005e-17
65.809	7.022e-17
65.844	7.028e-17
65.879	7.028e-17
65.879	7.025e-17
65.914	7.026e-17
65.949	7.016e-17
65.949	7.021e-17
65.984	7.009e-17
66.019	7.003e-17
66.054	6.990e-17
66.054	6.995e-17
66.090	6.981e-17
66.125	7.003e-17
66.125	6.990e-17
66.160	7.027e-17
66.196	7.083e-17
66.196	7.062e-17
66.231	7.100e-17
66.266	7.122e-17
66.302	7.123e-17
66.302	7.130e-17
66.337	7.132e-17
66.373	7.120e-17
66.373	7.128e-17
66.408	7.115e-17
66.444	7.109e-17
66.479	7.081e-17
66.479	7.093e-17
66.515	7.086e-17
66.551	7.098e-17
66.551	7.086e-17
66.587	7.127e-17
66.622	7.178e-17
66.622	7.160e-17
66.658	7.197e-17
66.694	7.213e-17
66.694	7.205e-17
66.730	7.206e-17
66.766	7.186e-17
66.802	7.177e-17
66.802	7.192e-17
66.838	7.185e-17
66.874	7.186e-17
66.874	7.185e-17
66.910	7.186e-17
66.946	7.189e-17
66.946	7.183e-17
66.982	7.187e-17
67.019	7.188e-17
67.055	7.191e-17
67.055	7.191e-17
67.091	7.193e-17
67.127	7.179e-17
67.127	7.184e-17
67.164	7.186e-17
67.200	7.175e-17
67.200	7.167e-17
67.237	7.167e-17
67.273	7.160e-17
67.273	7.167e-17
67.310	7.154e-17
67.346	7.151e-17
67.346	7.147e-17
67.383	7.153e-17
67.419	7.152e-17
67.419	7.150e-17
67.456	7.157e-17
67.493	7.159e-17
67.530	7.172e-17
67.530	7.166e-17
67.566	7.173e-17
67.603	7.178e-17
67.603	7.173e-17
67.640	7.179e-17
67.677	7.167e-17
67.677	7.177e-17
67.714	7.172e-17
67.751	7.165e-17
67.751	7.169e-17
67.788	7.159e-17
67.825	7.152e-17
67.825	7.161e-17
67.862	7.159e-17
67.899	7.158e-17
67.899	7.161e-17
67.937	7.159e-17
67.974	7.158e-17
67.974	7.163e-17
68.011	7.165e-17
68.048	7.165e-17
68.048	7.174e-17
68.086	7.181e-17
68.123	7.175e-17
68.123	7.179e-17
68.161	7.165e-17
68.198	7.169e-17
68.198	7.167e-17
68.236	7.168e-17
68.273	7.168e-17
68.273	7.167e-17
68.311	7.170e-17
68.349	7.169e-17
68.349	7.163e-17
68.386	7.166e-17
68.424	7.171e-17
68.424	7.165e-17
68.462	7.168e-17
68.500	7.159e-17
68.500	7.166e-17
68.537	7.171e-17
68.575	7.180e-17
68.575	7.173e-17
68.613	7.176e-17
68.651	7.180e-17
68.651	7.179e-17
68.689	7.185e-17
68.727	7.195e-17
68.727	7.193e-17
68.766	7.203e-17
68.766	7.200e-17
68.804	7.187e-17
68.842	7.206e-17
68.842	7.204e-17
68.880	7.213e-17
68.918	7.204e-17
68.918	7.214e-17
68.957	7.216e-17
68.995	7.223e-17
68.995	7.223e-17
69.034	7.217e-17
69.072	7.234e-17
69.072	7.228e-17
69.111	7.236e-17
69.149	7.234e-17
69.149	7.232e-17
69.188	7.243e-17
69.226	7.242e-17
69.226	7.243e-17
69.265	7.246e-17
69.265	7.247e-17
69.304	7.255e-17
69.342	7.257e-17
69.342	7.257e-17
69.381	7.252e-17
69.420	7.258e-17
69.420	7.252e-17
69.459	7.256e-17
69.498	7.269e-17
69.498	7.268e-17
69.537	7.269e-17
69.576	7.279e-17
69.576	7.270e-17
69.615	7.282e-17
69.615	7.280e-17
69.654	7.278e-17
69.693	7.288e-17
69.693	7.282e-17
69.732	7.284e-17
69.772	7.292e-17
69.772	7.287e-17
69.811	7.290e-17
69.850	7.293e-17
69.850	7.289e-17
69.890	7.295e-17
69.890	7.291e-17
69.929	7.298e-17
69.969	7.305e-17
69.969	7.299e-17
70.008	7.308e-17
70.048	7.315e-17
70.048	7.311e-17
70.087	7.319e-17
70.087	7.319e-17
70.127	7.318e-17
70.167	7.320e-17
70.167	7.313e-17
70.206	7.329e-17
70.246	7.332e-17
70.246	7.317e-17
70.286	7.322e-17
70.326	7.331e-17
70.326	7.328e-17
70.366	7.339e-17
70.366	7.332e-17
70.406	7.335e-17
70.446	7.336e-17
70.446	7.337e-17
70.486	7.336e-17
70.526	7.338e-17
70.526	7.343e-17
70.566	7.349e-17
70.566	7.341e-17
70.606	7.345e-17
70.646	7.355e-17
70.646	7.352e-17
70.687	7.353e-17
70.687	7.351e-17
70.727	7.342e-17
70.767	7.362e-17
70.767	7.360e-17
70.808	7.362e-17
70.848	7.364e-17
70.848	7.363e-17
70.889	7.367e-17
70.889	7.371e-17
70.929	7.366e-17
70.970	7.371e-17
70.970	7.373e-17
71.010	7.381e-17
71.010	7.379e-17
71.051	7.385e-17
71.092	7.390e-17
71.092	7.377e-17
71.133	7.393e-17
71.174	7.386e-17
71.174	7.383e-17
71.214	7.395e-17
71.214	7.399e-17
71.255	7.399e-17
71.296	7.405e-17
71.296	7.401e-17
71.337	7.407e-17
71.337	7.408e-17
71.378	7.402e-17
71.420	7.411e-17
71.420	7.411e-17
71.461	7.418e-17
71.461	7.419e-17
71.502	7.425e-17
71.543	7.421e-17
71.543	7.430e-17
71.584	7.432e-17
71.584	7.418e-17
71.626	7.433e-17
71.667	7.439e-17
71.667	7.434e-17
71.709	7.443e-17
71.750	7.437e-17
71.750	7.447e-17
71.792	7.455e-17
71.792	7.445e-17
71.833	7.451e-17
71.833	7.450e-17
71.875	7.461e-17
71.917	7.469e-17
71.917	7.456e-17
71.958	7.459e-17
72.000	7.472e-17
72.000	7.473e-17
72.042	7.474e-17
72.042	7.465e-17
72.084	7.485e-17
72.084	7.479e-17
72.126	7.483e-17
72.168	7.494e-17
72.168	7.492e-17
72.210	7.501e-17
72.210	7.490e-17
72.252	7.505e-17
72.294	7.508e-17
72.294	7.502e-17
72.336	7.512e-17
72.336	7.516e-17
72.378	7.511e-17
72.421	7.533e-17
72.421	7.517e-17
72.463	7.533e-17
72.463	7.513e-17
72.505	7.532e-17
72.548	7.538e-17
72.548	7.530e-17
72.590	7.542e-17
72.590	7.541e-17
72.633	7.543e-17
72.633	7.541e-17
72.675	7.543e-17
72.718	7.556e-17
72.718	7.539e-17
72.761	7.560e-17
72.761	7.567e-17
72.803	7.569e-17
72.846	7.575e-17
72.846	7.574e-17
72.889	7.584e-17
72.889	7.568e-17
72.932	7.585e-17
72.932	7.573e-17
72.975	7.584e-17
73.018	7.594e-17
73.018	7.597e-17
73.061	7.601e-17
73.061	7.607e-17
73.104	7.615e-17
73.147	7.609e-17
73.147	7.614e-17
73.190	7.619e-17
73.190	7.620e-17
73.233	7.635e-17
73.233	7.623e-17
73.277	7.642e-17
73.320	7.647e-17
73.320	7.628e-17
73.363	7.637e-17
73.363	7.640e-17
73.407	7.654e-17
73.407	7.646e-17
73.450	7.657e-17
73.494	7.672e-17
73.494	7.663e-17
73.538	7.675e-17
73.538	7.662e-17
73.581	7.680e-17
73.581	7.673e-17
73.625	7.693e-17
73.669	7.686e-17
73.669	7.686e-17
73.712	7.706e-17
73.712	7.702e-17
73.756	7.704e-17
73.756	7.700e-17
73.800	7.718e-17
73.844	7.720e-17
73.844	7.691e-17
73.888	7.727e-17
73.888	7.718e-17
73.932	7.741e-17
73.932	7.742e-17
73.976	7.748e-17
74.020	7.754e-17
74.020	7.745e-17
74.065	7.754e-17
74.065	7.765e-17
74.109	7.771e-17
74.109	7.775e-17
74.153	7.784e-17
74.153	7.774e-17
74.198	7.784e-17
74.242	7.784e-17
74.242	7.782e-17
74.287	7.792e-17
74.287	7.778e-17
74.331	7.810e-17
74.331	7.805e-17
74.376	7.812e-17
74.420	7.804e-17
74.420	7.810e-17
74.465	7.807e-17
74.465	7.810e-17
74.510	7.823e-17
74.510	7.830e-17
74.555	7.837e-17
74.555	7.831e-17
74.599	7.854e-17
74.599	7.833e-17
74.644	7.839e-17
74.689	7.839e-17
74.689	7.847e-17
74.734	7.839e-17
74.734	7.852e-17
74.779	7.865e-17
74.779	7.856e-17
74.825	7.862e-17
74.825	7.872e-17
74.870	7.869e-17
74.915	7.870e-17
74.915	7.872e-17
74.960	7.872e-17
74.960	7.885e-17
75.006	7.885e-17
75.006	7.885e-17
75.051	7.882e-17
75.051	7.905e-17
75.096	7.897e-17
75.142	7.899e-17
75.142	7.882e-17
75.188	7.895e-17
75.188	7.892e-17
75.233	7.907e-17
75.233	7.901e-17
75.279	7.903e-17
75.279	7.906e-17
75.325	7.921e-17
75.325	7.914e-17
75.370	7.916e-17
75.416	7.921e-17
75.416	7.918e-17
75.462	7.923e-17
75.462	7.915e-17
75.508	7.936e-17
75.508	7.920e-17
75.554	7.985e-17
75.554	7.984e-17
75.600	7.990e-17
75.600	7.987e-17
75.646	7.991e-17
75.692	7.994e-17
75.692	7.992e-17
75.739	7.998e-17
75.739	7.997e-17
75.785	8.001e-17
75.785	8.000e-17
75.831	8.005e-17
75.831	8.003e-17
75.878	8.008e-17
75.878	8.006e-17
75.924	8.010e-17
75.924	8.009e-17
75.971	8.011e-17
76.017	8.015e-17
76.017	8.012e-17
76.064	8.017e-17
76.064	8.016e-17
76.111	8.020e-17
76.111	8.018e-17
76.157	8.022e-17
76.157	8.021e-17
76.204	8.027e-17
76.204	8.025e-17
76.251	8.028e-17
76.251	8.027e-17
76.298	8.031e-17
76.298	8.028e-17
76.345	8.031e-17
76.392	8.034e-17
76.392	8.033e-17
76.439	8.037e-17
76.439	8.037e-17
76.486	8.039e-17
76.486	8.038e-17
76.533	8.043e-17
76.533	8.042e-17
76.581	8.046e-17
76.581	8.045e-17
76.628	8.048e-17
76.628	8.049e-17
76.675	8.051e-17
76.675	8.050e-17
76.723	8.054e-17
76.723	8.053e-17
76.770	8.056e-17
76.770	8.055e-17
76.818	8.057e-17
76.866	8.059e-17
76.866	8.058e-17
76.913	8.063e-17
76.913	8.061e-17
76.961	8.064e-17
76.961	8.064e-17
77.009	8.068e-17
77.009	8.066e-17
77.057	8.070e-17
77.057	8.069e-17
77.105	8.073e-17
77.105	8.072e-17
77.153	8.075e-17
77.153	8.074e-17
77.201	8.079e-17
77.201	8.077e-17
77.249	8.082e-17
77.249	8.080e-17
77.297	8.085e-17
77.297	8.083e-17
77.345	8.086e-17
77.345	8.086e-17
77.393	8.087e-17
77.442	8.090e-17
77.442	8.089e-17
77.490	8.092e-17
77.490	8.091e-17
77.539	8.093e-17
77.539	8.093e-17
77.587	8.096e-17
77.587	8.094e-17
77.636	8.099e-17
77.636	8.098e-17
77.684	8.100e-17
77.684	8.099e-17
77.733	8.102e-17
77.733	8.102e-17
77.782	8.105e-17
77.782	8.104e-17
77.831	8.106e-17
77.831	8.107e-17
77.880	8.108e-17
77.880	8.107e-17
77.929	8.111e-17
77.929	8.111e-17
77.978	8.114e-17
77.978	8.113e-17
78.027	8.115e-17
78.027	8.115e-17
78.076	8.118e-17
78.076	8.117e-17
78.125	8.120e-17
78.125	8.120e-17
78.174	8.121e-17
78.174	8.121e-17
78.224	8.123e-17
78.224	8.123e-17
78.273	8.125e-17
78.273	8.124e-17
78.322	8.127e-17
78.322	8.127e-17
78.372	8.129e-17
78.372	8.128e-17
78.421	8.131e-17
78.421	8.131e-17
78.471	8.133e-17
78.471	8.132e-17
78.521	8.134e-17
78.521	8.134e-17
78.571	8.136e-17
78.571	8.135e-17
78.620	8.137e-17
78.620	8.136e-17
78.670	8.139e-17
78.670	8.138e-17
78.720	8.139e-17
78.720	8.139e-17
78.770	8.141e-17
78.770	8.141e-17
78.820	8.143e-17
78.820	8.142e-17
78.870	8.146e-17
78.870	8.144e-17
78.921	8.146e-17
78.921	8.146e-17
78.971	8.149e-17
78.971	8.147e-17
79.021	8.152e-17
79.021	8.151e-17
79.072	8.153e-17
79.072	8.152e-17
79.122	8.155e-17
79.122	8.154e-17
79.173	8.155e-17
79.173	8.155e-17
79.223	8.156e-17
79.223	8.155e-17
79.274	8.157e-17
79.274	8.157e-17
79.325	8.159e-17
79.325	8.157e-17
79.375	8.160e-17
79.375	8.160e-17
79.426	8.162e-17
79.426	8.161e-17
79.477	8.165e-17
79.477	8.163e-17
79.528	8.166e-17
79.528	8.165e-17
79.579	8.167e-17
79.579	8.166e-17
79.630	8.167e-17
79.630	8.168e-17
79.681	8.167e-17
79.681	8.166e-17
79.733	8.169e-17
79.733	8.168e-17
79.784	8.169e-17
79.784	8.169e-17
79.835	8.171e-17
79.835	8.171e-17
79.835	8.169e-17
79.887	8.175e-17
79.887	8.172e-17
79.938	8.176e-17
79.938	8.175e-17
79.990	8.176e-17
79.990	8.176e-17
80.041	8.177e-17
80.041	8.176e-17
80.093	8.180e-17
80.093	8.179e-17
80.145	8.180e-17
80.145	8.179e-17
80.197	8.179e-17
80.197	8.179e-17
80.249	8.180e-17
80.249	8.179e-17
80.301	8.181e-17
80.301	8.181e-17
80.353	8.182e-17
80.353	8.182e-17
80.405	8.183e-17
80.405	8.182e-17
80.457	8.184e-17
80.457	8.183e-17
80.509	8.186e-17
80.509	8.186e-17
80.509	8.185e-17
80.562	8.187e-17
80.562	8.185e-17
80.614	8.187e-17
80.614	8.187e-17
80.666	8.187e-17
80.666	8.187e-17
80.719	8.187e-17
80.719	8.187e-17
80.772	8.188e-17
80.772	8.188e-17
80.824	8.188e-17
80.824	8.187e-17
80.877	8.187e-17
80.877	8.187e-17
80.930	8.186e-17
80.930	8.186e-17
80.983	8.186e-17
80.983	8.186e-17
80.983	8.186e-17
81.035	8.186e-17
81.035	8.187e-17
81.088	8.187e-17
81.088	8.186e-17
81.142	8.188e-17
81.142	8.187e-17
81.195	8.188e-17
81.195	8.188e-17
81.248	8.189e-17
81.248	8.188e-17
81.301	8.188e-17
81.301	8.190e-17
81.355	8.189e-17
81.355	8.189e-17
81.408	8.188e-17
81.408	8.188e-17
81.408	8.187e-17
81.461	8.187e-17
81.461	8.189e-17
81.515	8.187e-17
81.515	8.188e-17
81.569	8.187e-17
81.569	8.186e-17
81.622	8.187e-17
81.622	8.188e-17
81.676	8.187e-17
81.676	8.187e-17
81.730	8.189e-17
81.730	8.187e-17
81.730	8.187e-17
81.784	8.187e-17
81.784	8.187e-17
81.838	8.186e-17
81.838	8.187e-17
81.892	8.187e-17
81.892	8.186e-17
81.946	8.186e-17
81.946	8.185e-17
82.000	8.185e-17
82.000	8.186e-17
82.054	8.184e-17
82.054	8.185e-17
82.054	8.184e-17
82.109	8.184e-17
82.109	8.183e-17
82.163	8.184e-17
82.163	8.184e-17
82.218	8.182e-17
82.218	8.184e-17
82.272	8.182e-17
82.272	8.182e-17
82.327	8.182e-17
82.327	8.182e-17
82.382	8.181e-17
82.382	8.182e-17
82.382	8.182e-17
82.436	8.180e-17
82.436	8.181e-17
82.491	8.179e-17
82.491	8.179e-17
82.546	8.178e-17
82.546	8.179e-17
82.601	8.176e-17
82.601	8.177e-17
82.656	8.173e-17
82.656	8.173e-17
82.656	8.174e-17
82.711	8.172e-17
82.711	8.172e-17
82.767	8.171e-17
82.767	8.172e-17
82.822	8.169e-17
82.822	8.170e-17
82.877	8.169e-17
82.877	8.169e-17
82.877	8.169e-17
82.933	8.168e-17
82.933	8.168e-17
82.988	8.168e-17
82.988	8.167e-17
83.044	8.169e-17
83.044	8.168e-17
83.099	8.169e-17
83.099	8.169e-17
83.155	8.168e-17
83.155	8.168e-17
83.155	8.168e-17
83.211	8.167e-17
83.211	8.167e-17
83.267	8.166e-17
83.267	8.167e-17
83.323	8.165e-17
83.323	8.165e-17
83.379	8.163e-17
83.379	8.162e-17
83.379	8.163e-17
83.435	8.162e-17
83.435	8.163e-17
83.491	8.161e-17
83.491	8.163e-17
83.547	8.160e-17
83.547	8.161e-17
83.604	8.161e-17
83.604	8.159e-17
83.604	8.160e-17
83.660	8.159e-17
83.660	8.159e-17
83.717	8.156e-17
83.717	8.157e-17
83.773	8.153e-17
83.773	8.154e-17
83.773	8.155e-17
83.830	8.150e-17
83.830	8.151e-17
83.887	8.147e-17
83.887	8.148e-17
83.943	8.143e-17
83.943	8.145e-17
84.000	8.142e-17
84.000	8.143e-17
84.000	8.143e-17
84.057	8.141e-17
84.057	8.141e-17
84.114	8.138e-17
84.114	8.139e-17
84.171	8.135e-17
84.171	8.135e-17
84.171	8.138e-17
84.228	8.130e-17
84.228	8.133e-17
84.286	8.124e-17
84.286	8.126e-17
84.343	8.119e-17
84.343	8.122e-17
84.400	8.114e-17
84.400	8.116e-17
84.400	8.119e-17
84.458	8.110e-17
84.458	8.112e-17
84.516	8.107e-17
84.516	8.109e-17
84.573	8.102e-17
84.573	8.104e-17
84.573	8.105e-17
84.631	8.101e-17
84.631	8.102e-17
84.689	8.095e-17
84.689	8.098e-17
84.747	8.094e-17
84.747	8.095e-17
84.747	8.095e-17
84.805	8.094e-17
84.805	8.094e-17
84.863	8.092e-17
84.863	8.094e-17
84.921	8.092e-17
84.921	8.091e-17
84.921	8.092e-17
84.979	8.092e-17
84.979	8.092e-17
85.037	8.091e-17
85.037	8.092e-17
85.096	8.087e-17
85.096	8.088e-17
85.096	8.090e-17
85.154	8.087e-17
85.154	8.088e-17
85.213	8.086e-17
85.213	8.086e-17
85.271	8.085e-17
85.271	8.084e-17
85.271	8.086e-17
85.330	8.086e-17
85.330	8.085e-17
85.389	8.087e-17
85.389	8.087e-17
85.447	8.087e-17
85.447	8.088e-17
85.447	8.087e-17
85.506	8.088e-17
85.506	8.087e-17
85.565	8.091e-17
85.565	8.090e-17
85.565	8.090e-17
85.624	8.092e-17
85.624	8.092e-17
85.684	8.093e-17
85.684	8.093e-17
85.743	8.099e-17
85.743	8.096e-17
85.743	8.094e-17
85.802	8.100e-17
85.802	8.100e-17
85.862	8.102e-17
85.862	8.100e-17
85.921	8.107e-17
85.921	8.106e-17
85.921	8.103e-17
85.981	8.110e-17
85.981	8.109e-17
86.040	8.113e-17
86.040	8.111e-17
86.040	8.110e-17
86.100	8.115e-17
86.100	8.113e-17
86.160	8.118e-17
86.160	8.117e-17
86.220	8.123e-17
86.220	8.122e-17
86.220	8.119e-17
86.280	8.128e-17
86.280	8.125e-17
86.340	8.137e-17
86.340	8.134e-17
86.340	8.132e-17
86.400	8.140e-17
86.400	8.139e-17
86.460	8.145e-17
86.460	8.142e-17
86.521	8.153e-17
86.521	8.150e-17
86.521	8.148e-17
86.581	8.157e-17
86.581	8.156e-17
86.642	8.167e-17
86.642	8.164e-17
86.642	8.161e-17
86.702	8.175e-17
86.702	8.171e-17
86.763	8.185e-17
86.763	8.182e-17
86.763	8.178e-17
86.824	8.191e-17
86.824	8.188e-17
86.885	8.203e-17
86.885	8.199e-17
86.885	8.195e-17
86.945	8.209e-17
86.945	8.206e-17
87.006	8.215e-17
87.006	8.212e-17
87.068	8.225e-17
87.068	8.222e-17
87.068	8.218e-17
87.129	8.230e-17
87.129	8.228e-17
87.190	8.232e-17
87.190	8.231e-17
87.190	8.230e-17
87.251	8.232e-17
87.251	8.232e-17
87.313	8.230e-17
87.313	8.232e-17
87.313	8.232e-17
87.374	8.225e-17
87.374	8.228e-17
87.436	8.221e-17
87.436	8.223e-17
87.436	8.224e-17
87.498	8.217e-17
87.498	8.218e-17
87.560	8.206e-17
87.560	8.209e-17
87.560	8.213e-17
87.621	8.202e-17
87.621	8.203e-17
87.683	8.195e-17
87.683	8.197e-17
87.683	8.201e-17
87.745	8.190e-17
87.745	8.193e-17
87.808	8.184e-17
87.808	8.187e-17
87.808	8.187e-17
87.870	8.180e-17
87.870	8.182e-17
87.932	8.176e-17
87.932	8.178e-17
87.932	8.179e-17
87.995	8.173e-17
87.995	8.174e-17
88.057	8.170e-17
88.057	8.170e-17
88.057	8.171e-17
88.120	8.168e-17
88.120	8.170e-17
88.182	8.164e-17
88.182	8.165e-17
88.182	8.167e-17
88.245	8.163e-17
88.245	8.163e-17
88.308	8.161e-17
88.308	8.162e-17
88.308	8.162e-17
88.371	8.158e-17
88.371	8.160e-17
88.434	8.156e-17
88.434	8.156e-17
88.434	8.157e-17
88.497	8.152e-17
88.497	8.154e-17
88.560	8.147e-17
88.560	8.148e-17
88.560	8.150e-17
88.623	8.146e-17
88.623	8.147e-17
88.687	8.142e-17
88.687	8.144e-17
88.687	8.146e-17
88.750	8.137e-17
88.750	8.138e-17
88.814	8.130e-17
88.814	8.134e-17
88.814	8.135e-17
88.878	8.118e-17
88.878	8.123e-17
88.878	8.127e-17
88.941	8.112e-17
88.941	8.114e-17
89.005	8.099e-17
89.005	8.103e-17
89.005	8.107e-17
89.069	8.088e-17
89.069	8.095e-17
89.133	8.071e-17
89.133	8.078e-17
89.133	8.084e-17
89.197	8.059e-17
89.197	8.066e-17
89.262	8.038e-17
89.262	8.045e-17
89.262	8.052e-17
89.326	8.011e-17
89.326	8.019e-17
89.326	8.030e-17
89.390	7.993e-17
89.390	8.002e-17
89.455	7.964e-17
89.455	7.973e-17
89.455	7.983e-17
89.519	7.943e-17
89.519	7.953e-17
89.584	7.911e-17
89.584	7.921e-17
89.584	7.932e-17
89.649	7.879e-17
89.649	7.891e-17
89.649	7.901e-17
89.714	7.856e-17
89.714	7.868e-17
89.779	7.821e-17
89.779	7.833e-17
89.779	7.844e-17
89.844	7.796e-17
89.844	7.809e-17
89.909	7.760e-17
89.909	7.774e-17
89.909	7.785e-17
89.974	7.727e-17
89.974	7.739e-17
89.974	7.750e-17
90.039	7.706e-17
90.039	7.717e-17
90.105	7.680e-17
90.105	7.689e-17
90.105	7.697e-17
90.170	7.657e-17
90.170	7.663e-17
90.170	7.671e-17
90.236	7.641e-17
90.236	7.648e-17
90.302	7.624e-17
90.302	7.629e-17
90.302	7.635e-17
90.368	7.609e-17
90.368	7.613e-17
90.368	7.618e-17
90.433	7.597e-17
90.433	7.602e-17
90.499	7.586e-17
90.499	7.589e-17
90.499	7.593e-17
90.566	7.577e-17
90.566	7.581e-17
90.632	7.567e-17
90.632	7.570e-17
90.632	7.572e-17
90.698	7.559e-17
90.698	7.561e-17
90.698	7.564e-17
90.764	7.555e-17
90.764	7.557e-17
90.831	7.552e-17
90.831	7.554e-17
90.831	7.555e-17
90.898	7.548e-17
90.898	7.550e-17
90.898	7.553e-17
90.964	7.550e-17
90.964	7.549e-17
91.031	7.545e-17
91.031	7.546e-17
91.031	7.546e-17
91.098	7.543e-17
91.098	7.541e-17
91.098	7.542e-17
91.165	7.540e-17
91.165	7.540e-17
91.165	7.541e-17
91.232	7.538e-17
91.232	7.539e-17
91.299	7.538e-17
91.299	7.537e-17
91.299	7.539e-17
91.366	7.539e-17
91.366	7.540e-17
91.366	7.539e-17
91.434	7.540e-17
91.434	7.541e-17
91.501	7.539e-17
91.501	7.541e-17
91.501	7.540e-17
91.569	7.539e-17
91.569	7.540e-17
91.569	7.539e-17
91.637	7.558e-17
91.704	7.492e-17
91.704	7.506e-17
91.704	7.500e-17
91.772	7.550e-17
91.772	7.512e-17
91.772	7.511e-17
91.840	7.507e-17
91.840	7.514e-17
91.840	7.507e-17
91.908	7.516e-17
91.908	7.483e-17
91.976	7.523e-17
91.976	7.519e-17
91.976	7.495e-17
92.045	7.491e-17
92.045	7.516e-17
92.045	7.506e-17
92.113	7.501e-17
92.113	7.514e-17
92.113	7.513e-17
92.182	7.525e-17
92.182	7.498e-17
92.250	7.505e-17
92.250	7.486e-17
92.250	7.523e-17
92.319	7.476e-17
92.319	7.505e-17
92.319	7.484e-17
92.388	7.471e-17
92.388	7.496e-17
92.388	7.446e-17
92.457	7.491e-17
92.457	7.513e-17
92.526	7.475e-17
92.526	7.441e-17
92.526	7.489e-17
92.595	7.435e-17
92.595	7.425e-17
92.595	7.471e-17
92.664	7.458e-17
92.664	7.452e-17
92.664	7.420e-17
92.733	7.453e-17
92.733	7.443e-17
92.803	7.380e-17
92.803	7.404e-17
92.803	7.412e-17
92.872	7.392e-17
92.872	7.400e-17
92.872	7.428e-17
92.942	7.376e-17
92.942	7.386e-17
92.942	7.371e-17
93.011	7.358e-17
93.011	7.374e-17
93.011	7.362e-17
93.081	7.347e-17
93.081	7.380e-17
93.151	7.348e-17
93.151	7.330e-17
93.151	7.323e-17
93.221	7.302e-17
93.221	7.322e-17
93.221	7.323e-17
93.291	7.259e-17
93.291	7.313e-17
93.291	7.284e-17
93.362	7.259e-17
93.362	7.271e-17
93.362	7.275e-17
93.432	7.263e-17
93.432	7.240e-17
93.432	7.254e-17
93.502	7.224e-17
93.502	7.218e-17
93.573	7.216e-17
93.573	7.226e-17
93.573	7.214e-17
93.644	7.185e-17
93.644	7.161e-17
93.644	7.203e-17
93.714	7.163e-17
93.714	7.156e-17
93.714	7.160e-17
93.785	7.070e-17
93.785	7.105e-17
93.785	7.140e-17
93.856	7.076e-17
93.856	7.095e-17
93.856	7.113e-17
93.927	7.062e-17
93.927	7.083e-17
93.927	7.049e-17
93.999	7.008e-17
93.999	7.024e-17
94.070	6.995e-17
94.070	7.006e-17
94.070	6.996e-17
94.141	6.954e-17
94.141	6.968e-17
94.141	7.007e-17
94.213	6.901e-17
94.213	6.916e-17
94.213	6.941e-17
94.285	6.882e-17
94.285	6.894e-17
94.285	6.900e-17
94.356	6.858e-17
94.356	6.847e-17
94.356	6.877e-17
94.428	6.789e-17
94.428	6.807e-17
94.428	6.818e-17
94.500	6.755e-17
94.500	6.741e-17
94.500	6.808e-17
94.572	6.745e-17
94.572	6.741e-17
94.644	6.680e-17
94.644	6.714e-17
94.644	6.709e-17
94.717	6.646e-17
94.717	6.683e-17
94.717	6.682e-17
94.789	6.611e-17
94.789	6.647e-17
94.789	6.626e-17
94.862	6.544e-17
94.862	6.556e-17
94.862	6.589e-17
94.934	6.505e-17
94.934	6.512e-17
94.934	6.549e-17
95.007	6.472e-17
95.007	6.458e-17
95.007	6.481e-17
95.080	6.398e-17
95.080	6.416e-17
95.080	6.444e-17
95.153	6.395e-17
95.153	6.390e-17
95.153	6.428e-17
95.226	6.319e-17
95.226	6.364e-17
95.226	6.344e-17
95.299	6.268e-17
95.299	6.288e-17
95.299	6.344e-17
95.373	6.248e-17
95.373	6.273e-17
95.373	6.250e-17
95.446	6.174e-17
95.446	6.198e-17
95.446	6.222e-17
95.519	6.153e-17
95.519	6.146e-17
95.519	6.164e-17
95.593	6.081e-17
95.593	6.094e-17
95.593	6.110e-17
95.667	6.088e-17
95.667	6.071e-17
95.667	6.100e-17
95.741	6.011e-17
95.741	6.034e-17
95.741	6.033e-17
95.815	5.964e-17
95.815	6.003e-17
95.815	6.013e-17
95.889	5.943e-17
95.889	5.960e-17
95.963	5.948e-17
95.963	5.927e-17
95.963	5.934e-17
96.037	5.906e-17
96.037	5.911e-17
96.037	5.900e-17
96.112	5.839e-17
96.112	5.878e-17
96.112	5.886e-17
96.186	5.841e-17
96.186	5.831e-17
96.186	5.861e-17
96.261	5.800e-17
96.261	5.791e-17
96.261	5.834e-17
96.336	5.753e-17
96.336	5.796e-17
96.336	5.800e-17
96.411	5.770e-17
96.411	5.813e-17
96.411	5.769e-17
96.411	5.744e-17
96.486	5.725e-17
96.486	5.718e-17
96.561	5.739e-17
96.561	5.753e-17
96.561	5.767e-17
96.561	5.729e-17
96.636	5.746e-17
96.636	5.728e-17
96.636	5.741e-17
96.712	5.711e-17
96.712	5.690e-17
96.712	5.716e-17
96.787	5.676e-17
96.787	5.707e-17
96.787	5.707e-17
96.863	5.671e-17
96.863	5.666e-17
96.863	5.677e-17
96.938	5.630e-17
96.938	5.641e-17
96.938	5.618e-17
97.014	5.625e-17
97.014	5.635e-17
97.014	5.638e-17
97.090	5.643e-17
97.090	5.626e-17
97.090	5.642e-17
97.166	5.616e-17
97.166	5.634e-17
97.166	5.615e-17
97.243	5.632e-17
97.243	5.638e-17
97.243	5.620e-17
97.319	5.608e-17
97.319	5.623e-17
97.319	5.644e-17
97.395	5.629e-17
97.395	5.619e-17
97.395	5.634e-17
97.472	5.603e-17
97.472	5.607e-17
97.472	5.632e-17
97.549	5.594e-17
97.549	5.593e-17
97.549	5.634e-17
97.625	5.616e-17
97.625	5.589e-17
97.625	5.609e-17
97.702	5.640e-17
97.702	5.606e-17
97.702	5.612e-17
97.779	5.568e-17
97.779	5.561e-17
97.779	5.604e-17
97.779	5.624e-17
97.857	5.607e-17
97.857	5.614e-17
97.857	5.598e-17
97.934	5.589e-17
97.934	5.595e-17
97.934	5.599e-17
98.011	5.596e-17
98.011	5.583e-17
98.011	5.593e-17
98.089	5.630e-17
98.089	5.584e-17
98.089	5.579e-17
98.166	5.592e-17
98.166	5.590e-17
98.166	5.568e-17
98.244	5.578e-17
98.244	5.607e-17
98.244	5.580e-17
98.322	5.579e-17
98.322	5.598e-17
98.322	5.583e-17
98.400	5.596e-17
98.400	5.544e-17
98.400	5.599e-17
98.400	5.610e-17
98.478	5.599e-17
98.478	5.578e-17
98.478	5.582e-17
98.557	5.635e-17
98.557	5.616e-17
98.557	5.633e-17
98.635	5.589e-17
98.635	5.621e-17
98.635	5.612e-17
98.714	5.589e-17
98.714	5.621e-17
98.714	5.631e-17
98.792	5.596e-17
98.792	5.611e-17
98.792	5.607e-17
98.871	5.594e-17
98.871	5.576e-17
98.871	5.616e-17
98.871	5.597e-17
98.950	5.617e-17
98.950	5.613e-17
98.950	5.612e-17
99.029	5.626e-17
99.029	5.657e-17
99.029	5.652e-17
99.108	5.617e-17
99.108	5.612e-17
99.108	5.649e-17
99.187	5.614e-17
99.187	5.625e-17
99.187	5.621e-17
99.267	5.633e-17
99.267	5.598e-17
99.267	5.639e-17
99.267	5.663e-17
99.346	5.639e-17
99.346	5.610e-17
99.346	5.651e-17
99.426	5.612e-17
99.426	5.657e-17
99.426	5.665e-17
99.506	5.666e-17
99.506	5.619e-17
99.506	5.640e-17
99.586	5.642e-17
99.586	5.665e-17
99.586	5.656e-17
99.666	5.692e-17
99.666	5.641e-17
99.666	5.660e-17
99.666	5.618e-17
99.746	5.704e-17
99.746	5.663e-17
99.746	5.690e-17
99.826	5.697e-17
99.826	5.712e-17
99.826	5.666e-17
99.907	5.653e-17
99.907	5.656e-17
99.907	5.700e-17
99.987	5.671e-17
99.987	5.689e-17
99.987	5.711e-17
99.987	5.676e-17
100.068	5.685e-17
100.068	5.732e-17
100.068	5.682e-17
100.149	5.717e-17
100.149	5.674e-17
100.149	5.680e-17
100.230	5.734e-17
100.230	5.715e-17
100.230	5.713e-17
100.311	5.718e-17
100.311	5.685e-17
100.311	5.678e-17
100.311	5.685e-17
100.392	5.715e-17
100.392	5.685e-17
100.392	5.670e-17
100.473	5.737e-17
100.473	5.685e-17
100.473	5.690e-17
100.555	5.725e-17
100.555	5.727e-17
100.555	5.738e-17
100.637	5.737e-17
100.637	5.685e-17
100.637	5.707e-17
100.637	5.703e-17
100.718	5.697e-17
100.718	5.751e-17
100.718	5.716e-17
100.800	5.706e-17
100.800	5.678e-17
100.800	5.739e-17
100.882	5.712e-17
100.882	5.755e-17
100.882	5.699e-17
100.882	5.709e-17
100.964	5.697e-17
100.964	5.722e-17
100.964	5.723e-17
101.047	5.748e-17
101.047	5.675e-17
101.047	5.680e-17
101.129	5.737e-17
101.129	5.670e-17
101.129	5.713e-17
101.129	5.712e-17
101.212	5.736e-17
101.212	5.669e-17
101.212	5.723e-17
101.294	5.637e-17
101.294	5.676e-17
101.294	5.701e-17
101.377	5.677e-17
101.377	5.683e-17
101.377	5.711e-17
101.377	5.697e-17
101.460	5.692e-17
101.460	5.674e-17
101.460	5.655e-17
101.543	5.671e-17
101.543	5.713e-17
101.543	5.682e-17
101.626	5.642e-17
101.626	5.659e-17
101.626	5.708e-17
101.626	5.687e-17
101.710	5.652e-17
101.710	5.658e-17
101.710	5.655e-17
101.793	5.644e-17
101.793	5.672e-17
101.793	5.627e-17
101.877	5.531e-17
101.877	5.575e-17
101.877	5.624e-17
101.877	5.619e-17
101.961	5.562e-17
101.961	5.593e-17
101.961	5.587e-17
102.045	5.575e-17
102.045	5.540e-17
102.045	5.557e-17
102.129	5.555e-17
102.129	5.494e-17
102.129	5.504e-17
102.129	5.560e-17
102.213	5.531e-17
102.213	5.544e-17
102.213	5.542e-17
102.297	5.495e-17
102.297	5.472e-17
102.297	5.486e-17
102.297	5.517e-17
102.382	5.511e-17
102.382	5.482e-17
102.382	5.492e-17
102.466	5.481e-17
102.466	5.450e-17
102.466	5.500e-17
102.551	5.459e-17
102.551	5.486e-17
102.551	5.479e-17
102.551	5.450e-17
102.636	5.419e-17
102.636	5.467e-17
102.636	5.530e-17
102.721	5.408e-17
102.721	5.423e-17
102.721	5.415e-17
102.721	5.417e-17
102.806	5.437e-17
102.806	5.409e-17
102.806	5.372e-17
102.892	5.436e-17
102.892	5.441e-17
102.892	5.389e-17
102.892	5.391e-17
102.977	5.373e-17
102.977	5.346e-17
102.977	5.360e-17
103.063	5.390e-17
103.063	5.407e-17
103.063	5.378e-17
103.063	5.349e-17
103.148	5.378e-17
103.148	5.372e-17
103.148	5.412e-17
103.234	5.317e-17
103.234	5.365e-17
103.234	5.370e-17
103.320	5.374e-17
103.320	5.403e-17
103.320	5.419e-17
103.320	5.345e-17
103.406	5.304e-17
103.406	5.291e-17
103.406	5.314e-17
103.493	5.347e-17
103.493	5.327e-17
103.493	5.291e-17
103.493	5.340e-17
103.579	5.312e-17
103.579	5.367e-17
103.579	5.306e-17
103.666	5.325e-17
103.666	5.283e-17
103.666	5.353e-17
103.666	5.332e-17
103.753	5.278e-17
103.753	5.338e-17
103.753	5.330e-17
103.839	5.328e-17
103.839	5.364e-17
103.839	5.327e-17
103.839	5.318e-17
103.926	5.308e-17
103.926	5.329e-17
103.926	5.347e-17
104.014	5.356e-17
104.014	5.332e-17
104.014	5.295e-17
104.014	5.361e-17
104.101	5.295e-17
104.101	5.281e-17
104.101	5.271e-17
104.188	5.325e-17
104.188	5.248e-17
104.188	5.261e-17
104.188	5.327e-17
104.276	5.295e-17
104.276	5.249e-17
104.276	5.275e-17
104.276	5.302e-17
104.364	5.267e-17
104.364	5.317e-17
104.364	5.348e-17
104.452	5.376e-17
104.452	5.324e-17
104.452	5.394e-17
104.452	5.334e-17
104.540	5.239e-17
104.540	5.220e-17
104.540	5.348e-17
104.628	5.288e-17
104.628	5.320e-17
104.628	5.271e-17
104.628	5.252e-17
104.716	5.216e-17
104.716	5.266e-17
104.716	5.284e-17
104.805	5.191e-17
104.805	5.266e-17
104.805	5.224e-17
104.805	5.288e-17
104.894	5.236e-17
104.894	5.235e-17
104.894	5.276e-17
104.982	5.259e-17
104.982	5.266e-17
104.982	5.260e-17
104.982	5.245e-17
104.982	5.204e-17
105.071	5.260e-17
105.071	5.255e-17
105.071	5.251e-17
105.071	5.254e-17
105.161	5.265e-17
105.161	5.256e-17
105.161	5.271e-17
105.161	5.263e-17
105.161	5.275e-17
105.250	5.277e-17
105.250	5.265e-17
105.250	5.262e-17
105.250	5.253e-17
105.339	5.275e-17
105.339	5.289e-17
105.339	5.284e-17
105.339	5.276e-17
105.339	5.275e-17
105.429	5.294e-17
105.429	5.282e-17
105.429	5.273e-17
105.429	5.262e-17
105.519	5.300e-17
105.519	5.312e-17
105.519	5.308e-17
105.519	5.296e-17
105.519	5.300e-17
105.608	5.316e-17
105.608	5.306e-17
105.608	5.297e-17
105.608	5.306e-17
105.698	5.316e-17
105.698	5.334e-17
105.698	5.327e-17
105.698	5.322e-17
105.698	5.327e-17
105.789	5.313e-17
105.789	5.310e-17
105.789	5.322e-17
105.789	5.319e-17
105.789	5.314e-17
105.879	5.304e-17
105.879	5.316e-17
105.879	5.311e-17
105.879	5.306e-17
105.969	5.276e-17
105.969	5.291e-17
105.969	5.290e-17
105.969	5.290e-17
105.969	5.290e-17
106.060	5.261e-17
106.060	5.277e-17
106.060	5.280e-17
106.060	5.281e-17
106.151	5.238e-17
106.151	5.251e-17
106.151	5.264e-17
106.151	5.262e-17
106.151	5.260e-17
106.242	5.222e-17
106.242	5.234e-17
106.242	5.240e-17
106.242	5.243e-17
106.333	5.220e-17
106.333	5.217e-17
106.333	5.222e-17
106.333	5.217e-17
106.333	5.214e-17
106.424	5.201e-17
106.424	5.204e-17
106.424	5.197e-17
106.424	5.210e-17
106.424	5.220e-17
106.516	5.151e-17
106.516	5.175e-17
106.516	5.185e-17
106.516	5.197e-17
106.607	5.135e-17
106.607	5.142e-17
106.607	5.135e-17
106.607	5.154e-17
106.607	5.149e-17
106.699	5.149e-17
106.699	5.151e-17
106.699	5.156e-17
106.699	5.146e-17
106.699	5.143e-17
106.791	5.169e-17
106.791	5.167e-17
106.791	5.153e-17
106.791	5.154e-17
106.883	5.226e-17
106.883	5.239e-17
106.883	5.241e-17
106.883	5.215e-17
106.883	5.192e-17
106.975	5.221e-17
106.975	5.205e-17
106.975	5.207e-17
106.975	5.201e-17
106.975	5.194e-17
107.068	5.252e-17
107.068	5.244e-17
107.068	5.233e-17
107.068	5.244e-17
107.160	5.237e-17
107.160	5.236e-17
107.160	5.237e-17
107.160	5.237e-17
107.160	5.235e-17
107.253	5.208e-17
107.253	5.200e-17
107.253	5.224e-17
107.253	5.237e-17
107.253	5.238e-17
107.346	5.195e-17
107.346	5.197e-17
107.346	5.196e-17
107.346	5.197e-17
107.439	5.153e-17
107.439	5.161e-17
107.439	5.178e-17
107.439	5.193e-17
107.439	5.197e-17
107.532	5.108e-17
107.532	5.109e-17
107.532	5.119e-17
107.532	5.123e-17
107.532	5.134e-17
107.625	5.041e-17
107.625	5.052e-17
107.625	5.081e-17
107.625	5.092e-17
107.719	4.984e-17
107.719	4.996e-17
107.719	5.006e-17
107.719	5.016e-17
107.719	5.040e-17
107.812	4.936e-17
107.812	4.930e-17
107.812	4.943e-17
107.812	4.960e-17
107.812	4.977e-17
107.906	4.913e-17
107.906	4.917e-17
107.906	4.922e-17
107.906	4.916e-17
107.906	4.923e-17
108.000	4.896e-17
108.000	4.897e-17
108.000	4.902e-17
108.000	4.913e-17
108.094	4.884e-17
108.094	4.883e-17
108.094	4.884e-17
108.094	4.885e-17
108.094	4.884e-17
108.189	4.854e-17
108.189	4.868e-17
108.189	4.864e-17
108.189	4.874e-17
108.189	4.879e-17
108.283	4.829e-17
108.283	4.824e-17
108.283	4.840e-17
108.283	4.842e-17
108.283	4.835e-17
108.378	4.842e-17
108.378	4.839e-17
108.378	4.824e-17
108.378	4.829e-17
108.473	4.877e-17
108.473	4.871e-17
108.473	4.865e-17
108.473	4.854e-17
108.473	4.850e-17
108.568	4.887e-17
108.568	4.895e-17
108.568	4.885e-17
108.568	4.873e-17
108.568	4.873e-17
108.663	4.889e-17
108.663	4.899e-17
108.663	4.892e-17
108.663	4.895e-17
108.663	4.890e-17
108.758	4.839e-17
108.758	4.854e-17
108.758	4.867e-17
108.758	4.875e-17
108.758	4.872e-17
108.854	4.778e-17
108.854	4.800e-17
108.854	4.811e-17
108.854	4.824e-17
108.949	4.685e-17
108.949	4.707e-17
108.949	4.724e-17
108.949	4.742e-17
108.949	4.758e-17
109.045	4.594e-17
109.045	4.615e-17
109.045	4.634e-17
109.045	4.648e-17
109.045	4.656e-17
109.141	4.587e-17
109.141	4.590e-17
109.141	4.596e-17
109.141	4.598e-17
109.141	4.598e-17
109.237	4.503e-17
109.237	4.518e-17
109.237	4.545e-17
109.237	4.569e-17
109.237	4.576e-17
109.334	4.415e-17
109.334	4.434e-17
109.334	4.449e-17
109.334	4.472e-17
109.334	4.483e-17
109.430	4.338e-17
109.430	4.349e-17
109.430	4.361e-17
109.430	4.387e-17
109.430	4.398e-17
109.527	4.327e-17
109.527	4.325e-17
109.527	4.323e-17
109.527	4.329e-17
109.624	4.331e-17
109.624	4.329e-17
109.624	4.322e-17
109.624	4.324e-17
109.624	4.328e-17
109.721	4.344e-17
109.721	4.354e-17
109.721	4.336e-17
109.721	4.331e-17
109.721	4.330e-17
109.818	4.325e-17
109.818	4.318e-17
109.818	4.317e-17
109.818	4.323e-17
109.818	4.321e-17
109.915	4.308e-17
109.915	4.321e-17
109.915	4.324e-17
109.915	4.316e-17
109.915	4.321e-17
110.013	4.364e-17
110.013	4.364e-17
110.013	4.354e-17
110.013	4.340e-17
110.013	4.324e-17
110.110	4.384e-17
110.110	4.386e-17
110.110	4.387e-17
110.110	4.389e-17
110.110	4.378e-17
110.208	4.372e-17
110.208	4.376e-17
110.208	4.373e-17
110.208	4.379e-17
110.208	4.382e-17
110.306	4.263e-17
110.306	4.281e-17
110.306	4.311e-17
110.306	4.339e-17
110.306	4.354e-17
110.405	4.174e-17
110.405	4.194e-17
110.405	4.205e-17
110.405	4.223e-17
110.405	4.242e-17
110.503	4.088e-17
110.503	4.099e-17
110.503	4.111e-17
110.503	4.136e-17
110.503	4.153e-17
110.601	3.986e-17
110.601	4.020e-17
110.601	4.032e-17
110.601	4.047e-17
110.601	4.072e-17
110.700	3.860e-17
110.700	3.885e-17
110.700	3.904e-17
110.700	3.952e-17
110.700	3.977e-17
110.799	3.760e-17
110.799	3.781e-17
110.799	3.780e-17
110.799	3.823e-17
110.799	3.832e-17
110.898	3.754e-17
110.898	3.749e-17
110.898	3.747e-17
110.898	3.741e-17
110.898	3.745e-17
110.998	3.773e-17
110.998	3.771e-17
110.998	3.763e-17
110.998	3.754e-17
110.998	3.741e-17
111.097	3.773e-17
111.097	3.783e-17
111.097	3.774e-17
111.097	3.766e-17
111.097	3.777e-17
111.197	3.771e-17
111.197	3.772e-17
111.197	3.788e-17
111.197	3.784e-17
111.197	3.777e-17
111.296	3.771e-17
111.296	3.769e-17
111.296	3.756e-17
111.296	3.778e-17
111.296	3.771e-17
111.396	3.788e-17
111.396	3.776e-17
111.396	3.769e-17
111.396	3.766e-17
111.396	3.768e-17
111.497	3.801e-17
111.497	3.793e-17
111.497	3.781e-17
111.497	3.782e-17
111.497	3.796e-17
111.597	3.851e-17
111.597	3.841e-17
111.597	3.835e-17
111.597	3.824e-17
111.597	3.814e-17
111.698	3.859e-17
111.698	3.858e-17
111.698	3.851e-17
111.698	3.842e-17
111.698	3.844e-17
111.798	3.843e-17
111.798	3.853e-17
111.798	3.861e-17
111.798	3.857e-17
111.798	3.852e-17
111.899	3.802e-17
111.899	3.813e-17
111.899	3.818e-17
111.899	3.823e-17
111.899	3.840e-17
112.000	3.708e-17
112.000	3.733e-17
112.000	3.749e-17
112.000	3.772e-17
112.000	3.784e-17
112.000	3.794e-17
112.101	3.601e-17
112.101	3.619e-17
112.101	3.640e-17
112.101	3.669e-17
112.101	3.690e-17
112.203	3.519e-17
112.203	3.531e-17
112.203	3.541e-17
112.203	3.560e-17
112.203	3.573e-17
112.305	3.461e-17
112.305	3.476e-17
112.305	3.487e-17
112.305	3.491e-17
112.305	3.504e-17
112.406	3.436e-17
112.406	3.435e-17
112.406	3.446e-17
112.406	3.446e-17
112.406	3.454e-17
112.508	3.445e-17
112.508	3.435e-17
112.508	3.443e-17
112.508	3.438e-17
112.508	3.434e-17
112.611	3.481e-17
112.611	3.468e-17
112.611	3.464e-17
112.611	3.456e-17
112.611	3.453e-17
112.713	3.578e-17
112.713	3.563e-17
112.713	3.541e-17
112.713	3.526e-17
112.713	3.510e-17
112.713	3.488e-17
112.816	3.625e-17
112.816	3.614e-17
112.816	3.594e-17
112.816	3.592e-17
112.816	3.584e-17
112.918	3.701e-17
112.918	3.691e-17
112.918	3.681e-17
112.918	3.672e-17
112.918	3.647e-17
113.021	3.710e-17
113.021	3.699e-17
113.021	3.702e-17
113.021	3.702e-17
113.021	3.703e-17
113.124	3.737e-17
113.124	3.734e-17
113.124	3.729e-17
113.124	3.718e-17
113.124	3.717e-17
113.228	3.703e-17
113.228	3.717e-17
113.228	3.719e-17
113.228	3.725e-17
113.228	3.722e-17
113.228	3.730e-17
113.331	3.706e-17
113.331	3.708e-17
113.331	3.713e-17
113.331	3.705e-17
113.331	3.706e-17
113.435	3.692e-17
113.435	3.700e-17
113.435	3.706e-17
113.435	3.704e-17
113.435	3.713e-17
113.539	3.635e-17
113.539	3.645e-17
113.539	3.648e-17
113.539	3.673e-17
113.539	3.683e-17
113.643	3.552e-17
113.643	3.564e-17
113.643	3.580e-17
113.643	3.590e-17
113.643	3.609e-17
113.643	3.622e-17
113.747	3.494e-17
113.747	3.501e-17
113.747	3.513e-17
113.747	3.519e-17
113.747	3.535e-17
113.851	3.443e-17
113.851	3.461e-17
113.851	3.465e-17
113.851	3.469e-17
113.851	3.474e-17
113.956	3.437e-17
113.956	3.431e-17
113.956	3.436e-17
113.956	3.440e-17
113.956	3.444e-17
113.956	3.438e-17
114.061	3.457e-17
114.061	3.445e-17
114.061	3.444e-17
114.061	3.441e-17
114.061	3.440e-17
114.166	3.515e-17
114.166	3.511e-17
114.166	3.495e-17
114.166	3.488e-17
114.166	3.467e-17
114.271	3.579e-17
114.271	3.565e-17
114.271	3.556e-17
114.271	3.543e-17
114.271	3.536e-17
114.271	3.525e-17
114.377	3.594e-17
114.377	3.590e-17
114.377	3.593e-17
114.377	3.589e-17
114.377	3.579e-17
114.482	3.636e-17
114.482	3.626e-17
114.482	3.615e-17
114.482	3.606e-17
114.482	3.597e-17
114.588	3.692e-17
114.588	3.682e-17
114.588	3.668e-17
114.588	3.666e-17
114.588	3.652e-17
114.588	3.649e-17
114.694	3.688e-17
114.694	3.700e-17
114.694	3.703e-17
114.694	3.706e-17
114.694	3.700e-17
114.800	3.663e-17
114.800	3.666e-17
114.800	3.675e-17
114.800	3.681e-17
114.800	3.685e-17
114.907	3.609e-17
114.907	3.619e-17
114.907	3.618e-17
114.907	3.630e-17
114.907	3.633e-17
114.907	3.644e-17
115.013	3.558e-17
115.013	3.574e-17
115.013	3.585e-17
115.013	3.593e-17
115.013	3.602e-17
115.120	3.498e-17
115.120	3.504e-17
115.120	3.518e-17
115.120	3.527e-17
115.120	3.536e-17
115.120	3.542e-17
115.227	3.462e-17
115.227	3.461e-17
115.227	3.486e-17
115.227	3.490e-17
115.227	3.493e-17
115.334	3.399e-17
115.334	3.411e-17
115.334	3.426e-17
115.334	3.441e-17
115.334	3.452e-17
115.442	3.346e-17
115.442	3.351e-17
115.442	3.355e-17
115.442	3.365e-17
115.442	3.375e-17
115.442	3.393e-17
115.549	3.337e-17
115.549	3.340e-17
115.549	3.333e-17
115.549	3.336e-17
115.549	3.346e-17
115.657	3.326e-17
115.657	3.328e-17
115.657	3.329e-17
115.657	3.325e-17
115.657	3.330e-17
115.657	3.337e-17
115.765	3.343e-17
115.765	3.337e-17
115.765	3.336e-17
115.765	3.324e-17
115.765	3.329e-17
115.873	3.384e-17
115.873	3.387e-17
115.873	3.376e-17
115.873	3.369e-17
115.873	3.364e-17
115.873	3.354e-17
115.982	3.449e-17
115.982	3.433e-17
115.982	3.420e-17
115.982	3.405e-17
115.982	3.392e-17
116.090	3.461e-17
116.090	3.473e-17
116.090	3.485e-17
116.090	3.483e-17
116.090	3.488e-17
116.090	3.474e-17
116.199	3.468e-17
116.199	3.462e-17
116.199	3.454e-17
116.199	3.454e-17
116.199	3.456e-17
116.308	3.456e-17
116.308	3.464e-17
116.308	3.469e-17
116.308	3.469e-17
116.308	3.471e-17
116.308	3.464e-17
116.417	3.413e-17
116.417	3.421e-17
116.417	3.428e-17
116.417	3.444e-17
116.417	3.451e-17
116.527	3.357e-17
116.527	3.362e-17
116.527	3.374e-17
116.527	3.377e-17
116.527	3.391e-17
116.527	3.403e-17
116.636	3.293e-17
116.636	3.302e-17
116.636	3.313e-17
116.636	3.329e-17
116.636	3.334e-17
116.746	3.229e-17
116.746	3.239e-17
116.746	3.245e-17
116.746	3.259e-17
116.746	3.274e-17
116.746	3.283e-17
116.856	3.152e-17
116.856	3.172e-17
116.856	3.179e-17
116.856	3.193e-17
116.856	3.203e-17
116.856	3.215e-17
116.966	3.121e-17
116.966	3.127e-17
116.966	3.133e-17
116.966	3.142e-17
116.966	3.148e-17
117.077	3.100e-17
117.077	3.099e-17
117.077	3.091e-17
117.077	3.104e-17
117.077	3.110e-17
117.077	3.116e-17
117.187	3.115e-17
117.187	3.110e-17
117.187	3.104e-17
117.187	3.106e-17
117.187	3.104e-17
117.298	3.166e-17
117.298	3.156e-17
117.298	3.148e-17
117.298	3.137e-17
117.298	3.132e-17
117.298	3.115e-17
117.409	3.157e-17
117.409	3.161e-17
117.409	3.170e-17
117.409	3.166e-17
117.409	3.172e-17
117.409	3.171e-17
117.521	3.131e-17
117.521	3.142e-17
117.521	3.142e-17
117.521	3.146e-17
117.521	3.154e-17
117.632	3.112e-17
117.632	3.112e-17
117.632	3.114e-17
117.632	3.123e-17
117.632	3.128e-17
117.632	3.125e-17
117.744	3.145e-17
117.744	3.138e-17
117.744	3.124e-17
117.744	3.111e-17
117.744	3.114e-17
117.744	3.110e-17
117.856	3.146e-17
117.856	3.163e-17
117.856	3.166e-17
117.856	3.161e-17
117.856	3.153e-17
117.968	3.098e-17
117.968	3.103e-17
117.968	3.116e-17
117.968	3.125e-17
117.968	3.135e-17
117.968	3.140e-17
118.080	3.057e-17
118.080	3.064e-17
118.080	3.072e-17
118.080	3.073e-17
118.080	3.090e-17
118.080	3.089e-17
118.193	3.044e-17
118.193	3.045e-17
118.193	3.043e-17
118.193	3.047e-17
118.193	3.055e-17
118.306	3.043e-17
118.306	3.045e-17
118.306	3.054e-17
118.306	3.051e-17
118.306	3.044e-17
118.306	3.040e-17
118.419	2.944e-17
118.419	2.964e-17
118.419	2.973e-17
118.419	2.987e-17
118.419	3.013e-17
118.419	3.024e-17
118.532	2.931e-17
118.532	2.921e-17
118.532	2.930e-17
118.532	2.930e-17
118.532	2.939e-17
118.532	2.940e-17
118.645	2.929e-17
118.645	2.924e-17
118.645	2.926e-17
118.645	2.927e-17
118.645	2.931e-17
118.759	2.949e-17
118.759	2.947e-17
118.759	2.941e-17
118.759	2.935e-17
118.759	2.926e-17
118.759	2.930e-17
118.873	2.942e-17
118.873	2.939e-17
118.873	2.943e-17
118.873	2.941e-17
118.873	2.948e-17
118.873	2.953e-17
118.987	2.936e-17
118.987	2.943e-17
118.987	2.940e-17
118.987	2.938e-17
118.987	2.938e-17
118.987	2.941e-17
119.101	2.959e-17
119.101	2.958e-17
119.101	2.955e-17
119.101	2.950e-17
119.101	2.945e-17
119.101	2.939e-17
119.216	2.941e-17
119.216	2.943e-17
119.216	2.944e-17
119.216	2.954e-17
119.216	2.958e-17
119.330	2.914e-17
119.330	2.923e-17
119.330	2.930e-17
119.330	2.929e-17
119.330	2.936e-17
119.330	2.929e-17
119.445	2.914e-17
119.445	2.909e-17
119.445	2.908e-17
119.445	2.911e-17
119.445	2.914e-17
119.445	2.916e-17
119.561	2.905e-17
119.561	2.916e-17
119.561	2.914e-17
119.561	2.912e-17
119.561	2.917e-17
119.561	2.919e-17
119.676	2.854e-17
119.676	2.853e-17
119.676	2.868e-17
119.676	2.875e-17
119.676	2.888e-17
119.676	2.895e-17
119.792	2.852e-17
119.792	2.842e-17
119.792	2.846e-17
119.792	2.842e-17
119.792	2.845e-17
119.792	2.850e-17
119.907	2.811e-17
119.907	2.819e-17
119.907	2.833e-17
119.907	2.833e-17
119.907	2.842e-17
120    2.3e-17
121    2.2e-17
122    2.3e-17
123    2.1e-17
124    2.3e-17
125    2.4e-17
126    2.6e-17
127    2.5e-17
128    1.9e-17
129    1.8e-17
130    2.7e-17
131    2.5e-17
132    2.8e-17
133    2.3e-17
134    2.3e-17
135    1.8e-17
136    1.9e-17
137    1.2e-17
138    1.2e-17
139    6.0e-18
140    6.5e-18
141    4.0e-18
142    4.6e-18
143    2.8e-18
144    2.4e-18
145    2.2e-18
146    1.9e-18
147    1.7e-18
148    1.3e-18
149    9.8e-19
150    7.0e-19
151    5.0e-19
152    3.0e-19
153    2.1e-19
154    1.0e-19
155    5.0e-19
156    2.0e-20
157    7.5e-20
158    2.2e-21
159    6.6e-22
160    2.0e-22