# 12 - 112 nm: A.C.A Souza and S.K. Srivastava, "Photoabsorption cross sections of derived by the electron energy loss spectroscopy technique for ammonia, methane and acetylene in the photon energy range of 5 to 100 eV", J. Braz. Chem. Soc. 7, 91-95 (1996); DOI: 10.5935/0103-5053.19960012
# 114 - 227 nm: P. Limão-Vieira, N.C. Jones, S.V. Hoffmann, D. Duflot, M. Mendes, A.I. Lozano, F. Ferreira da Silva, G. G., M. Hoshino, and H. Tanaka, "Revisiting the photoabsorption spectrum of NH3 in the 5.4–10.8 eV energy region", J. Chem. Phys. 151, 184302 (2019); DOI: 10.1063/1.5128051
12.40	1.2e-18
13.05	1.3e-18
13.78	1.5e-18
14.59	1.8e-18
15.50	2.0e-18
16.53	2.2e-18
17.71	2.5e-18
19.07	3.0e-18
20.66	3.5e-18
22.54	4.0e-18
24.80	5.0e-18
25.30	5.5e-18
25.83	6.0e-18
26.38	6.3e-18
26.95	6.5e-18
27.55	7.0e-18
28.18	7.5e-18
28.83	8.0e-18
29.52	8.5e-18
30.24	9.0e-18
31.00	9.5e-18
31.79	1.00e-17
32.63	1.05e-17
33.51	1.15e-17
37.57	1.50e-17
38.75	1.60e-17
39.99	1.65e-17
41.33	1.70e-17
42.75	1.85e-17
44.28	1.90e-17
45.92	2.00e-17
47.69	2.15e-17
49.59	2.25e-17
51.66	2.35e-17
53.91	2.45e-17
56.36	2.60e-17
59.04	2.75e-17
61.99	3.00e-17
65.25	3.10e-17
68.88	3.15e-17
72.93	3.20e-17
77.49	3.10e-17
82.66	3.70e-17
88.56	1.60e-17
95.37	1.80e-17
103.3	2.10e-17
112.7	1.00e-17
114.84	1.899e-17
114.86	1.961e-17
114.88	1.958e-17
114.90	1.961e-17
114.92	1.935e-17
114.94	1.959e-17
114.96	1.956e-17
114.98	1.962e-17
115.00	1.989e-17
115.02	1.958e-17
115.04	1.905e-17
115.06	1.863e-17
115.08	1.858e-17
115.10	1.919e-17
115.12	2.009e-17
115.14	2.075e-17
115.16	2.096e-17
115.18	2.050e-17
115.20	2.002e-17
115.22	1.941e-17
115.24	1.896e-17
115.26	1.872e-17
115.28	1.884e-17
115.30	1.928e-17
115.32	1.967e-17
115.34	1.937e-17
115.36	1.871e-17
115.38	1.791e-17
115.40	1.717e-17
115.42	1.659e-17
115.44	1.624e-17
115.46	1.586e-17
115.48	1.564e-17
115.50	1.527e-17
115.52	1.497e-17
115.54	1.494e-17
115.56	1.500e-17
115.58	1.498e-17
115.60	1.480e-17
115.62	1.471e-17
115.64	1.468e-17
115.66	1.492e-17
115.68	1.523e-17
115.70	1.539e-17
115.72	1.541e-17
115.74	1.500e-17
115.76	1.494e-17
115.78	1.541e-17
115.80	1.626e-17
115.82	1.667e-17
115.84	1.636e-17
115.86	1.596e-17
115.88	1.547e-17
115.90	1.514e-17
115.92	1.473e-17
115.94	1.461e-17
115.96	1.448e-17
115.98	1.452e-17
116.00	1.456e-17
116.02	1.432e-17
116.04	1.421e-17
116.06	1.416e-17
116.08	1.408e-17
116.10	1.404e-17
116.12	1.399e-17
116.14	1.418e-17
116.16	1.482e-17
116.18	1.534e-17
116.20	1.571e-17
116.22	1.625e-17
116.24	1.699e-17
116.26	1.797e-17
116.28	1.840e-17
116.30	1.843e-17
116.32	1.861e-17
116.34	1.900e-17
116.36	1.930e-17
116.38	1.891e-17
116.40	1.825e-17
116.42	1.760e-17
116.44	1.739e-17
116.46	1.715e-17
116.48	1.699e-17
116.50	1.729e-17
116.52	1.827e-17
116.54	1.952e-17
116.56	2.011e-17
116.58	1.972e-17
116.60	1.888e-17
116.62	1.816e-17
116.64	1.755e-17
116.66	1.744e-17
116.68	1.769e-17
116.70	1.811e-17
116.72	1.809e-17
116.74	1.746e-17
116.76	1.654e-17
116.78	1.588e-17
116.80	1.527e-17
116.82	1.461e-17
116.84	1.406e-17
116.86	1.367e-17
116.88	1.328e-17
116.90	1.300e-17
116.92	1.272e-17
116.94	1.243e-17
116.96	1.211e-17
116.98	1.175e-17
117.00	1.159e-17
117.02	1.163e-17
117.04	1.189e-17
117.06	1.215e-17
117.08	1.241e-17
117.10	1.272e-17
117.12	1.310e-17
117.14	1.355e-17
117.16	1.427e-17
117.18	1.526e-17
117.20	1.592e-17
117.22	1.563e-17
117.24	1.460e-17
117.26	1.345e-17
117.28	1.282e-17
117.30	1.261e-17
117.32	1.266e-17
117.34	1.288e-17
117.36	1.308e-17
117.38	1.308e-17
117.40	1.285e-17
117.42	1.248e-17
117.44	1.204e-17
117.46	1.171e-17
117.48	1.140e-17
117.50	1.128e-17
117.52	1.135e-17
117.54	1.137e-17
117.56	1.151e-17
117.58	1.185e-17
117.60	1.262e-17
117.62	1.363e-17
117.64	1.480e-17
117.66	1.618e-17
117.68	1.714e-17
117.70	1.745e-17
117.72	1.751e-17
117.74	1.815e-17
117.76	1.912e-17
117.78	1.959e-17
117.80	1.892e-17
117.82	1.753e-17
117.84	1.603e-17
117.86	1.482e-17
117.88	1.457e-17
117.90	1.521e-17
117.92	1.628e-17
117.94	1.751e-17
117.96	1.831e-17
117.98	1.854e-17
118.00	1.822e-17
118.02	1.778e-17
118.04	1.735e-17
118.06	1.707e-17
118.08	1.691e-17
118.10	1.667e-17
118.12	1.619e-17
118.14	1.576e-17
118.16	1.562e-17
118.18	1.545e-17
118.20	1.489e-17
118.22	1.415e-17
118.24	1.334e-17
118.26	1.256e-17
118.28	1.196e-17
118.30	1.145e-17
118.32	1.106e-17
118.34	1.063e-17
118.36	1.026e-17
118.38	1.000e-17
118.40	9.793e-18
118.42	9.642e-18
118.44	9.443e-18
118.46	9.295e-18
118.48	9.287e-18
118.50	9.404e-18
118.52	9.881e-18
118.54	1.089e-17
118.56	1.210e-17
118.58	1.342e-17
118.60	1.461e-17
118.62	1.519e-17
118.64	1.500e-17
118.66	1.423e-17
118.68	1.359e-17
118.70	1.314e-17
118.72	1.288e-17
118.74	1.258e-17
118.76	1.223e-17
118.78	1.190e-17
118.80	1.155e-17
118.82	1.109e-17
118.84	1.058e-17
118.86	1.023e-17
118.88	1.002e-17
118.90	1.000e-17
118.92	1.012e-17
118.94	1.019e-17
118.96	1.016e-17
118.98	1.014e-17
119.00	1.018e-17
119.02	1.042e-17
119.04	1.065e-17
119.06	1.114e-17
119.08	1.217e-17
119.10	1.377e-17
119.12	1.539e-17
119.14	1.661e-17
119.16	1.798e-17
119.18	2.017e-17
119.20	2.198e-17
119.22	2.182e-17
119.24	1.949e-17
119.26	1.677e-17
119.28	1.473e-17
119.30	1.349e-17
119.32	1.311e-17
119.34	1.365e-17
119.36	1.506e-17
119.38	1.649e-17
119.40	1.684e-17
119.42	1.615e-17
119.44	1.538e-17
119.46	1.495e-17
119.48	1.508e-17
119.50	1.540e-17
119.52	1.548e-17
119.54	1.526e-17
119.56	1.503e-17
119.58	1.485e-17
119.60	1.450e-17
119.62	1.405e-17
119.64	1.369e-17
119.66	1.331e-17
119.68	1.286e-17
119.70	1.213e-17
119.72	1.132e-17
119.74	1.039e-17
119.76	9.646e-18
119.78	9.119e-18
119.80	8.630e-18
119.82	8.164e-18
119.84	7.779e-18
119.86	7.436e-18
119.88	7.246e-18
119.90	7.403e-18
119.92	7.812e-18
119.94	8.188e-18
119.96	8.377e-18
119.98	8.530e-18
120.00	8.908e-18
120.02	9.556e-18
120.04	1.040e-17
120.06	1.117e-17
120.08	1.190e-17
120.10	1.251e-17
120.12	1.314e-17
120.14	1.380e-17
120.16	1.448e-17
120.18	1.485e-17
120.20	1.447e-17
120.22	1.350e-17
120.24	1.222e-17
120.26	1.120e-17
120.28	1.051e-17
120.30	1.003e-17
120.32	9.589e-18
120.34	9.154e-18
120.36	8.777e-18
120.38	8.708e-18
120.40	8.840e-18
120.42	9.132e-18
120.44	9.419e-18
120.46	9.750e-18
120.48	1.001e-17
120.50	1.030e-17
120.52	1.051e-17
120.54	1.081e-17
120.56	1.129e-17
120.58	1.230e-17
120.60	1.440e-17
120.62	1.840e-17
120.64	2.262e-17
120.66	2.464e-17
120.68	2.314e-17
120.70	2.003e-17
120.72	1.714e-17
120.74	1.506e-17
120.76	1.378e-17
120.78	1.306e-17
120.80	1.311e-17
120.82	1.369e-17
120.84	1.397e-17
120.86	1.360e-17
120.88	1.262e-17
120.90	1.165e-17
120.92	1.104e-17
120.94	1.126e-17
120.96	1.223e-17
120.98	1.367e-17
121.00	1.504e-17
121.02	1.560e-17
121.04	1.512e-17
121.06	1.419e-17
121.08	1.301e-17
121.10	1.206e-17
121.12	1.176e-17
121.14	1.193e-17
121.16	1.201e-17
121.18	1.148e-17
121.20	1.040e-17
121.22	9.182e-18
121.24	8.132e-18
121.26	7.270e-18
121.28	6.598e-18
121.30	6.181e-18
121.32	5.898e-18
121.34	5.793e-18
121.36	5.767e-18
121.38	5.880e-18
121.40	6.080e-18
121.42	6.518e-18
121.44	7.053e-18
121.46	7.461e-18
121.48	7.587e-18
121.50	7.655e-18
121.52	7.913e-18
121.54	8.151e-18
121.56	8.343e-18
121.58	8.455e-18
121.60	8.699e-18
121.62	9.422e-18
121.64	1.063e-17
121.66	1.222e-17
121.68	1.421e-17
121.70	1.610e-17
121.72	1.707e-17
121.74	1.691e-17
121.76	1.582e-17
121.78	1.439e-17
121.80	1.287e-17
121.82	1.143e-17
121.84	1.026e-17
121.86	9.500e-18
121.88	9.194e-18
121.90	9.109e-18
121.92	9.021e-18
121.94	8.881e-18
121.96	8.787e-18
121.98	8.882e-18
122.00	9.253e-18
122.02	9.929e-18
122.04	1.156e-17
122.06	1.362e-17
122.08	1.645e-17
122.10	1.876e-17
122.12	1.930e-17
122.14	1.915e-17
122.16	1.929e-17
122.18	1.961e-17
122.20	1.962e-17
122.22	1.922e-17
122.24	1.841e-17
122.26	1.705e-17
122.28	1.503e-17
122.30	1.300e-17
122.32	1.148e-17
122.34	1.057e-17
122.36	1.023e-17
122.38	1.011e-17
122.40	9.948e-18
122.42	9.896e-18
122.44	1.030e-17
122.46	1.118e-17
122.48	1.236e-17
122.50	1.351e-17
122.52	1.416e-17
122.54	1.414e-17
122.56	1.347e-17
122.58	1.238e-17
122.60	1.127e-17
122.62	1.071e-17
122.64	1.073e-17
122.66	1.068e-17
122.68	1.002e-17
122.70	8.955e-18
122.72	7.832e-18
122.74	6.759e-18
122.76	5.751e-18
122.78	4.997e-18
122.80	4.526e-18
122.82	4.310e-18
122.84	4.294e-18
122.86	4.333e-18
122.88	4.356e-18
122.90	4.342e-18
122.92	4.391e-18
122.94	4.476e-18
122.96	4.698e-18
122.98	5.051e-18
123.00	5.514e-18
123.02	5.889e-18
123.04	6.190e-18
123.06	6.373e-18
123.08	6.550e-18
123.10	6.746e-18
123.12	6.913e-18
123.14	7.082e-18
123.16	7.393e-18
123.18	7.941e-18
123.20	9.071e-18
123.22	1.117e-17
123.24	1.415e-17
123.26	1.746e-17
123.28	2.001e-17
123.30	2.084e-17
123.32	1.972e-17
123.34	1.746e-17
123.36	1.522e-17
123.38	1.356e-17
123.40	1.245e-17
123.42	1.164e-17
123.44	1.071e-17
123.46	9.932e-18
123.48	9.358e-18
123.50	9.696e-18
123.52	1.118e-17
123.54	1.252e-17
123.56	1.218e-17
123.58	1.048e-17
123.60	8.993e-18
123.62	8.625e-18
123.64	9.487e-18
123.66	1.130e-17
123.68	1.364e-17
123.70	1.646e-17
123.72	1.939e-17
123.74	2.188e-17
123.76	2.286e-17
123.78	2.204e-17
123.80	2.017e-17
123.82	1.817e-17
123.84	1.621e-17
123.86	1.473e-17
123.88	1.345e-17
123.90	1.238e-17
123.92	1.133e-17
123.94	1.063e-17
123.96	1.075e-17
123.98	1.144e-17
124.00	1.209e-17
124.02	1.233e-17
124.04	1.244e-17
124.06	1.270e-17
124.08	1.278e-17
124.10	1.226e-17
124.12	1.120e-17
124.14	1.054e-17
124.16	1.017e-17
124.18	9.692e-18
124.20	8.878e-18
124.22	7.771e-18
124.24	6.538e-18
124.26	5.419e-18
124.28	4.426e-18
124.30	3.779e-18
124.32	3.427e-18
124.34	3.279e-18
124.36	3.194e-18
124.38	3.143e-18
124.40	3.140e-18
124.42	3.188e-18
124.44	3.281e-18
124.46	3.459e-18
124.48	3.719e-18
124.50	3.977e-18
124.52	4.169e-18
124.54	4.307e-18
124.56	4.416e-18
124.58	4.508e-18
124.60	4.584e-18
124.62	4.726e-18
124.64	5.028e-18
124.66	5.461e-18
124.68	5.940e-18
124.70	6.307e-18
124.72	6.575e-18
124.74	6.943e-18
124.76	7.585e-18
124.78	8.654e-18
124.80	1.042e-17
124.82	1.336e-17
124.84	1.775e-17
124.86	2.201e-17
124.88	2.413e-17
124.90	2.360e-17
124.92	2.202e-17
124.94	2.007e-17
124.96	1.871e-17
124.98	1.719e-17
125.00	1.510e-17
125.02	1.280e-17
125.04	1.086e-17
125.06	9.581e-18
125.08	8.741e-18
125.10	8.077e-18
125.12	7.412e-18
125.14	6.814e-18
125.16	6.571e-18
125.18	6.977e-18
125.20	8.067e-18
125.22	9.369e-18
125.24	1.030e-17
125.26	1.103e-17
125.28	1.226e-17
125.30	1.449e-17
125.32	1.800e-17
125.34	2.150e-17
125.36	2.357e-17
125.38	2.369e-17
125.40	2.279e-17
125.42	2.154e-17
125.44	2.039e-17
125.46	1.936e-17
125.48	1.851e-17
125.50	1.745e-17
125.52	1.635e-17
125.54	1.549e-17
125.56	1.481e-17
125.58	1.420e-17
125.60	1.361e-17
125.62	1.301e-17
125.64	1.209e-17
125.66	1.124e-17
125.68	1.060e-17
125.70	9.815e-18
125.72	8.425e-18
125.74	6.846e-18
125.76	5.704e-18
125.78	4.883e-18
125.80	4.372e-18
125.82	3.985e-18
125.84	3.672e-18
125.86	3.427e-18
125.88	3.219e-18
125.90	3.053e-18
125.92	2.946e-18
125.94	2.906e-18
125.96	2.939e-18
125.98	2.971e-18
126.00	2.972e-18
126.02	2.993e-18
126.04	3.014e-18
126.06	3.084e-18
126.08	3.148e-18
126.10	3.188e-18
126.12	3.213e-18
126.14	3.258e-18
126.16	3.413e-18
126.18	3.711e-18
126.20	4.108e-18
126.22	4.514e-18
126.24	4.844e-18
126.26	5.161e-18
126.28	5.480e-18
126.30	5.860e-18
126.32	6.422e-18
126.34	7.265e-18
126.36	8.387e-18
126.38	9.726e-18
126.40	1.154e-17
126.42	1.450e-17
126.44	1.876e-17
126.46	2.314e-17
126.48	2.526e-17
126.50	2.434e-17
126.52	2.139e-17
126.54	1.797e-17
126.56	1.492e-17
126.58	1.298e-17
126.60	1.181e-17
126.62	1.123e-17
126.64	1.086e-17
126.66	1.045e-17
126.68	9.826e-18
126.70	9.201e-18
126.72	8.958e-18
126.74	9.562e-18
126.76	1.085e-17
126.78	1.214e-17
126.80	1.238e-17
126.82	1.168e-17
126.84	1.085e-17
126.86	1.035e-17
126.88	1.052e-17
126.90	1.189e-17
126.92	1.449e-17
126.94	1.697e-17
126.96	1.797e-17
126.98	1.734e-17
127.00	1.644e-17
127.02	1.636e-17
127.04	1.761e-17
127.06	1.998e-17
127.08	2.262e-17
127.10	2.436e-17
127.12	2.476e-17
127.14	2.387e-17
127.16	2.214e-17
127.18	2.000e-17
127.20	1.785e-17
127.22	1.583e-17
127.24	1.415e-17
127.26	1.266e-17
127.28	1.139e-17
127.30	1.002e-17
127.32	8.803e-18
127.34	7.726e-18
127.36	6.895e-18
127.38	6.330e-18
127.40	5.840e-18
127.42	5.355e-18
127.44	4.924e-18
127.46	4.551e-18
127.48	4.206e-18
127.50	3.910e-18
127.52	3.695e-18
127.54	3.505e-18
127.56	3.340e-18
127.58	3.203e-18
127.60	3.080e-18
127.62	2.963e-18
127.64	2.842e-18
127.66	2.736e-18
127.68	2.676e-18
127.70	2.689e-18
127.72	2.799e-18
127.74	2.960e-18
127.76	3.152e-18
127.78	3.443e-18
127.80	3.724e-18
127.82	3.967e-18
127.84	4.142e-18
127.86	4.316e-18
127.88	4.554e-18
127.90	5.014e-18
127.92	5.813e-18
127.94	6.895e-18
127.96	7.713e-18
127.98	7.958e-18
128.00	8.091e-18
128.02	9.275e-18
128.04	1.244e-17
128.06	1.702e-17
128.08	2.054e-17
128.10	2.048e-17
128.12	1.807e-17
128.14	1.559e-17
128.16	1.383e-17
128.18	1.275e-17
128.20	1.213e-17
128.22	1.172e-17
128.24	1.129e-17
128.26	1.095e-17
128.28	1.118e-17
128.30	1.208e-17
128.32	1.324e-17
128.34	1.445e-17
128.36	1.526e-17
128.38	1.521e-17
128.40	1.419e-17
128.42	1.285e-17
128.44	1.176e-17
128.46	1.092e-17
128.48	1.037e-17
128.50	1.030e-17
128.52	1.115e-17
128.54	1.289e-17
128.56	1.469e-17
128.58	1.516e-17
128.60	1.400e-17
128.62	1.226e-17
128.64	1.096e-17
128.66	1.037e-17
128.68	1.026e-17
128.70	1.045e-17
128.72	1.107e-17
128.74	1.236e-17
128.76	1.479e-17
128.78	1.846e-17
128.80	2.259e-17
128.82	2.616e-17
128.84	2.820e-17
128.86	2.841e-17
128.88	2.713e-17
128.90	2.494e-17
128.92	2.251e-17
128.94	2.015e-17
128.96	1.797e-17
128.98	1.592e-17
129.00	1.412e-17
129.02	1.247e-17
129.04	1.110e-17
129.06	9.822e-18
129.08	8.812e-18
129.10	7.854e-18
129.12	7.012e-18
129.14	6.231e-18
129.16	5.616e-18
129.18	5.100e-18
129.20	4.727e-18
129.22	4.417e-18
129.24	4.156e-18
129.26	3.945e-18
129.28	3.747e-18
129.30	3.638e-18
129.32	3.556e-18
129.34	3.519e-18
129.36	3.539e-18
129.38	3.605e-18
129.40	3.639e-18
129.42	3.595e-18
129.44	3.568e-18
129.46	3.734e-18
129.48	4.227e-18
129.50	5.063e-18
129.52	5.918e-18
129.54	6.115e-18
129.56	5.648e-18
129.58	5.151e-18
129.60	5.166e-18
129.62	5.887e-18
129.64	7.496e-18
129.66	9.921e-18
129.68	1.233e-17
129.70	1.333e-17
129.72	1.267e-17
129.74	1.124e-17
129.76	9.644e-18
129.78	8.324e-18
129.80	7.687e-18
129.82	7.982e-18
129.84	9.329e-18
129.86	1.146e-17
129.88	1.312e-17
129.90	1.379e-17
129.92	1.369e-17
129.94	1.340e-17
129.96	1.306e-17
129.98	1.260e-17
130.00	1.213e-17
130.02	1.165e-17
130.04	1.124e-17
130.06	1.089e-17
130.08	1.075e-17
130.10	1.092e-17
130.12	1.136e-17
130.14	1.236e-17
130.16	1.328e-17
130.18	1.394e-17
130.20	1.401e-17
130.22	1.350e-17
130.24	1.274e-17
130.26	1.173e-17
130.28	1.093e-17
130.30	1.049e-17
130.32	1.031e-17
130.34	1.012e-17
130.36	9.842e-18
130.38	9.521e-18
130.40	9.238e-18
130.42	9.047e-18
130.44	9.052e-18
130.46	9.373e-18
130.48	1.023e-17
130.50	1.202e-17
130.52	1.523e-17
130.54	2.042e-17
130.56	2.675e-17
130.58	3.273e-17
130.60	3.605e-17
130.62	3.645e-17
130.64	3.477e-17
130.66	3.201e-17
130.68	2.889e-17
130.70	2.566e-17
130.72	2.269e-17
130.74	1.989e-17
130.76	1.758e-17
130.78	1.550e-17
130.80	1.366e-17
130.82	1.200e-17
130.84	1.066e-17
130.86	9.470e-18
130.88	8.517e-18
130.90	7.678e-18
130.92	7.021e-18
130.94	6.454e-18
130.96	6.028e-18
130.98	5.735e-18
131.00	5.480e-18
131.02	5.248e-18
131.04	5.056e-18
131.06	5.045e-18
131.08	5.177e-18
131.10	5.246e-18
131.12	5.080e-18
131.14	4.680e-18
131.16	4.217e-18
131.18	3.864e-18
131.20	3.786e-18
131.22	4.109e-18
131.24	4.808e-18
131.26	5.708e-18
131.28	6.383e-18
131.30	6.587e-18
131.32	6.349e-18
131.34	5.939e-18
131.36	5.870e-18
131.38	6.462e-18
131.40	7.341e-18
131.42	7.746e-18
131.44	7.440e-18
131.46	6.796e-18
131.48	6.166e-18
131.50	5.714e-18
131.52	5.709e-18
131.54	6.108e-18
131.56	6.675e-18
131.58	7.237e-18
131.60	7.718e-18
131.62	8.155e-18
131.64	8.501e-18
131.66	8.790e-18
131.68	9.037e-18
131.70	9.356e-18
131.72	9.829e-18
131.74	1.046e-17
131.76	1.114e-17
131.78	1.173e-17
131.80	1.218e-17
131.82	1.248e-17
131.84	1.265e-17
131.86	1.273e-17
131.88	1.267e-17
131.90	1.257e-17
131.92	1.271e-17
131.94	1.321e-17
131.96	1.376e-17
131.98	1.397e-17
132.00	1.372e-17
132.02	1.322e-17
132.04	1.263e-17
132.06	1.199e-17
132.08	1.130e-17
132.10	1.064e-17
132.12	1.004e-17
132.14	9.490e-18
132.16	8.999e-18
132.18	8.554e-18
132.20	8.191e-18
132.22	8.057e-18
132.24	8.297e-18
132.26	9.180e-18
132.28	1.102e-17
132.30	1.405e-17
132.32	1.885e-17
132.34	2.565e-17
132.36	3.395e-17
132.38	4.135e-17
132.40	4.561e-17
132.42	4.575e-17
132.44	4.265e-17
132.46	3.790e-17
132.48	3.326e-17
132.50	2.919e-17
132.52	2.574e-17
132.54	2.268e-17
132.56	1.991e-17
132.58	1.739e-17
132.60	1.532e-17
132.62	1.353e-17
132.64	1.217e-17
132.66	1.091e-17
132.68	9.789e-18
132.70	8.746e-18
132.72	7.876e-18
132.74	7.091e-18
132.76	6.457e-18
132.78	5.929e-18
132.80	5.526e-18
132.82	5.221e-18
132.84	4.972e-18
132.86	4.876e-18
132.88	4.947e-18
132.90	5.193e-18
132.92	5.540e-18
132.94	5.640e-18
132.96	5.311e-18
132.98	4.689e-18
133.00	4.141e-18
133.02	3.754e-18
133.04	3.533e-18
133.06	3.427e-18
133.08	3.378e-18
133.10	3.400e-18
133.12	3.416e-18
133.14	3.406e-18
133.16	3.349e-18
133.18	3.329e-18
133.20	3.405e-18
133.22	3.612e-18
133.24	3.896e-18
133.26	4.196e-18
133.28	4.464e-18
133.30	4.718e-18
133.32	4.978e-18
133.34	5.286e-18
133.36	5.666e-18
133.38	6.124e-18
133.40	6.628e-18
133.42	7.200e-18
133.44	7.732e-18
133.46	8.134e-18
133.48	8.426e-18
133.50	8.777e-18
133.52	9.373e-18
133.54	1.018e-17
133.56	1.105e-17
133.58	1.179e-17
133.60	1.237e-17
133.62	1.269e-17
133.64	1.287e-17
133.66	1.301e-17
133.68	1.310e-17
133.70	1.317e-17
133.72	1.335e-17
133.74	1.385e-17
133.76	1.451e-17
133.78	1.481e-17
133.80	1.445e-17
133.82	1.364e-17
133.84	1.279e-17
133.86	1.203e-17
133.88	1.142e-17
133.90	1.082e-17
133.92	1.021e-17
133.94	9.521e-18
133.96	8.854e-18
133.98	8.279e-18
134.00	7.849e-18
134.02	7.569e-18
134.04	7.422e-18
134.06	7.629e-18
134.08	8.815e-18
134.10	1.128e-17
134.12	1.561e-17
134.14	2.172e-17
134.16	3.097e-17
134.18	4.158e-17
134.20	5.009e-17
134.22	5.317e-17
134.24	5.139e-17
134.26	4.704e-17
134.28	4.174e-17
134.30	3.621e-17
134.32	3.113e-17
134.34	2.675e-17
134.36	2.300e-17
134.38	1.979e-17
134.40	1.713e-17
134.42	1.500e-17
134.44	1.329e-17
134.46	1.172e-17
134.48	1.035e-17
134.50	9.269e-18
134.52	8.374e-18
134.54	7.710e-18
134.56	7.161e-18
134.58	6.707e-18
134.60	6.280e-18
134.62	5.815e-18
134.64	5.346e-18
134.66	4.876e-18
134.68	4.465e-18
134.70	4.135e-18
134.72	3.866e-18
134.74	3.634e-18
134.76	3.419e-18
134.78	3.251e-18
134.80	3.155e-18
134.82	3.065e-18
134.84	3.023e-18
134.86	3.010e-18
134.88	3.035e-18
134.90	3.101e-18
134.92	3.158e-18
134.94	3.190e-18
134.96	3.225e-18
134.98	3.270e-18
135.00	3.439e-18
135.02	3.662e-18
135.04	3.870e-18
135.06	4.047e-18
135.08	4.158e-18
135.10	4.266e-18
135.12	4.411e-18
135.14	4.635e-18
135.16	4.910e-18
135.18	5.297e-18
135.20	5.657e-18
135.22	6.012e-18
135.24	6.210e-18
135.26	6.414e-18
135.28	6.683e-18
135.30	7.154e-18
135.32	8.049e-18
135.34	9.244e-18
135.36	1.048e-17
135.38	1.140e-17
135.40	1.180e-17
135.42	1.191e-17
135.44	1.189e-17
135.46	1.185e-17
135.48	1.189e-17
135.50	1.202e-17
135.52	1.231e-17
135.54	1.269e-17
135.56	1.316e-17
135.58	1.353e-17
135.60	1.365e-17
135.62	1.343e-17
135.64	1.283e-17
135.66	1.208e-17
135.68	1.125e-17
135.70	1.046e-17
135.72	9.667e-18
135.74	8.862e-18
135.76	8.044e-18
135.78	7.327e-18
135.80	6.761e-18
135.82	6.424e-18
135.84	6.238e-18
135.86	6.151e-18
135.88	6.346e-18
135.90	7.195e-18
135.92	9.356e-18
135.94	1.342e-17
135.96	1.980e-17
135.98	2.785e-17
136.00	3.701e-17
136.02	4.595e-17
136.04	5.218e-17
136.06	5.321e-17
136.08	4.952e-17
136.10	4.342e-17
136.12	3.685e-17
136.14	3.075e-17
136.16	2.614e-17
136.18	2.218e-17
136.20	1.911e-17
136.22	1.647e-17
136.24	1.443e-17
136.26	1.270e-17
136.28	1.130e-17
136.30	1.017e-17
136.32	9.212e-18
136.34	8.384e-18
136.36	7.656e-18
136.38	7.061e-18
136.40	6.512e-18
136.42	5.961e-18
136.44	5.473e-18
136.46	5.051e-18
136.48	4.686e-18
136.50	4.385e-18
136.52	4.132e-18
136.54	3.918e-18
136.56	3.700e-18
136.58	3.544e-18
136.60	3.393e-18
136.62	3.277e-18
136.64	3.139e-18
136.66	3.022e-18
136.68	2.947e-18
136.70	2.927e-18
136.72	2.946e-18
136.74	2.933e-18
136.76	2.917e-18
136.78	2.912e-18
136.80	2.912e-18
136.82	2.986e-18
136.84	3.155e-18
136.86	3.373e-18
136.88	3.618e-18
136.90	3.829e-18
136.92	4.009e-18
136.94	4.186e-18
136.96	4.320e-18
136.98	4.447e-18
137.00	4.521e-18
137.02	4.557e-18
137.04	4.632e-18
137.06	4.726e-18
137.08	4.842e-18
137.10	5.069e-18
137.12	5.427e-18
137.14	6.083e-18
137.16	6.990e-18
137.18	7.955e-18
137.20	8.720e-18
137.22	9.110e-18
137.24	9.219e-18
137.26	9.206e-18
137.28	9.263e-18
137.30	9.534e-18
137.32	1.008e-17
137.34	1.083e-17
137.36	1.157e-17
137.38	1.205e-17
137.40	1.213e-17
137.42	1.183e-17
137.44	1.122e-17
137.46	1.047e-17
137.48	9.783e-18
137.50	9.132e-18
137.52	8.468e-18
137.54	7.749e-18
137.56	7.046e-18
137.58	6.363e-18
137.60	5.758e-18
137.62	5.247e-18
137.64	4.915e-18
137.66	4.787e-18
137.68	4.745e-18
137.70	4.845e-18
137.72	5.199e-18
137.74	6.171e-18
137.76	8.202e-18
137.78	1.161e-17
137.80	1.732e-17
137.82	2.542e-17
137.84	3.543e-17
137.86	4.254e-17
137.88	4.434e-17
137.90	4.182e-17
137.92	3.808e-17
137.94	3.383e-17
137.96	2.881e-17
137.98	2.387e-17
138.00	1.956e-17
138.02	1.669e-17
138.04	1.358e-17
138.06	1.224e-17
138.08	1.112e-17
138.10	1.029e-17
138.12	9.674e-18
138.14	9.057e-18
138.16	8.402e-18
138.18	7.779e-18
138.20	7.103e-18
138.22	6.522e-18
138.24	6.062e-18
138.26	5.654e-18
138.28	5.274e-18
138.30	4.932e-18
138.32	4.600e-18
138.34	4.323e-18
138.36	4.128e-18
138.38	3.976e-18
138.40	3.823e-18
138.42	3.655e-18
138.44	3.413e-18
138.46	3.259e-18
138.48	3.161e-18
138.50	3.084e-18
138.52	2.975e-18
138.54	2.831e-18
138.56	2.703e-18
138.58	2.594e-18
138.60	2.515e-18
138.62	2.470e-18
138.64	2.475e-18
138.66	2.518e-18
138.68	2.599e-18
138.70	2.645e-18
138.72	2.664e-18
138.74	2.693e-18
138.76	2.792e-18
138.78	3.012e-18
138.80	3.302e-18
138.82	3.557e-18
138.84	3.638e-18
138.86	3.527e-18
138.88	3.391e-18
138.90	3.363e-18
138.92	3.529e-18
138.94	3.827e-18
138.96	4.222e-18
138.98	4.727e-18
139.00	5.247e-18
139.02	5.749e-18
139.04	6.127e-18
139.06	6.373e-18
139.08	6.545e-18
139.10	6.773e-18
139.12	7.126e-18
139.14	7.683e-18
139.16	8.384e-18
139.18	9.050e-18
139.20	9.386e-18
139.22	9.192e-18
139.24	8.589e-18
139.26	7.828e-18
139.28	7.096e-18
139.30	6.426e-18
139.32	5.898e-18
139.34	5.405e-18
139.36	4.976e-18
139.38	4.572e-18
139.40	4.206e-18
139.42	3.889e-18
139.44	3.633e-18
139.46	3.448e-18
139.48	3.327e-18
139.50	3.256e-18
139.52	3.264e-18
139.54	3.398e-18
139.56	3.834e-18
139.58	4.878e-18
139.60	6.870e-18
139.62	1.007e-17
139.64	1.528e-17
139.66	2.230e-17
139.68	2.970e-17
139.70	3.363e-17
139.72	3.147e-17
139.74	2.584e-17
139.76	2.023e-17
139.78	1.644e-17
139.80	1.389e-17
139.82	1.237e-17
139.84	1.172e-17
139.86	1.133e-17
139.88	1.060e-17
139.90	9.524e-18
139.92	8.356e-18
139.94	7.417e-18
139.96	6.725e-18
139.98	6.235e-18
140.00	5.859e-18
140.02	5.511e-18
140.04	5.179e-18
140.06	4.867e-18
140.08	4.618e-18
140.10	4.434e-18
140.12	4.272e-18
140.14	4.133e-18
140.16	4.147e-18
140.18	4.388e-18
140.20	4.640e-18
140.22	4.724e-18
140.24	4.671e-18
140.26	4.564e-18
140.28	4.340e-18
140.30	4.037e-18
140.32	3.807e-18
140.34	3.660e-18
140.36	3.527e-18
140.38	3.368e-18
140.40	3.154e-18
140.42	2.982e-18
140.44	2.886e-18
140.46	2.832e-18
140.48	2.728e-18
140.50	2.592e-18
140.52	2.519e-18
140.54	2.483e-18
140.56	2.474e-18
140.58	2.397e-18
140.60	2.264e-18
140.62	2.120e-18
140.64	2.051e-18
140.66	2.057e-18
140.68	2.075e-18
140.70	2.150e-18
140.72	2.279e-18
140.74	2.472e-18
140.76	2.695e-18
140.78	2.920e-18
140.80	3.091e-18
140.82	3.210e-18
140.84	3.318e-18
140.86	3.465e-18
140.88	3.698e-18
140.90	4.050e-18
140.92	4.382e-18
140.94	4.620e-18
140.96	4.804e-18
140.98	5.061e-18
141.00	5.299e-18
141.02	5.315e-18
141.04	5.100e-18
141.06	4.737e-18
141.08	4.361e-18
141.10	3.987e-18
141.12	3.660e-18
141.14	3.368e-18
141.16	3.134e-18
141.18	2.964e-18
141.20	2.775e-18
141.22	2.604e-18
141.24	2.442e-18
141.26	2.305e-18
141.28	2.212e-18
141.30	2.125e-18
141.32	2.083e-18
141.34	2.076e-18
141.36	2.109e-18
141.38	2.254e-18
141.40	2.637e-18
141.42	3.439e-18
141.44	4.801e-18
141.46	7.038e-18
141.48	1.010e-17
141.50	1.349e-17
141.52	1.599e-17
141.54	1.694e-17
141.56	1.595e-17
141.58	1.367e-17
141.60	1.116e-17
141.62	9.187e-18
141.64	7.585e-18
141.66	6.278e-18
141.68	5.283e-18
141.70	4.587e-18
141.72	4.078e-18
141.74	3.717e-18
141.76	3.502e-18
141.78	3.462e-18
141.80	3.598e-18
141.82	3.853e-18
141.84	4.059e-18
141.86	4.090e-18
141.88	3.916e-18
141.90	3.657e-18
141.92	3.370e-18
141.94	3.132e-18
141.96	2.948e-18
141.98	2.834e-18
142.00	2.764e-18
142.02	2.741e-18
142.04	2.724e-18
142.06	2.737e-18
142.08	2.709e-18
142.10	2.633e-18
142.12	2.572e-18
142.14	2.489e-18
142.16	2.417e-18
142.18	2.366e-18
142.20	2.284e-18
142.22	2.179e-18
142.24	2.126e-18
142.26	2.096e-18
142.28	2.268e-18
142.30	2.792e-18
142.32	3.608e-18
142.34	4.259e-18
142.36	4.535e-18
142.38	4.433e-18
142.40	4.178e-18
142.42	3.995e-18
142.44	3.938e-18
142.46	3.837e-18
142.48	3.548e-18
142.50	3.196e-18
142.52	2.902e-18
142.54	2.667e-18
142.56	2.594e-18
142.58	2.635e-18
142.60	2.602e-18
142.62	2.441e-18
142.64	2.265e-18
142.66	2.180e-18
142.68	2.229e-18
142.70	2.377e-18
142.72	2.462e-18
142.74	2.454e-18
142.76	2.520e-18
142.78	2.706e-18
142.80	2.804e-18
142.82	2.679e-18
142.84	2.389e-18
142.86	2.095e-18
142.88	1.840e-18
142.90	1.689e-18
142.92	1.674e-18
142.94	1.745e-18
142.96	1.819e-18
142.98	1.835e-18
143.00	1.795e-18
143.02	1.731e-18
143.04	1.644e-18
143.06	1.573e-18
143.08	1.499e-18
143.10	1.441e-18
143.12	1.383e-18
143.14	1.349e-18
143.16	1.344e-18
143.18	1.393e-18
143.20	1.542e-18
143.22	1.870e-18
143.24	2.355e-18
143.26	3.013e-18
143.28	3.763e-18
143.30	4.532e-18
143.32	5.074e-18
143.34	5.196e-18
143.36	4.934e-18
143.38	4.459e-18
143.40	3.907e-18
143.42	3.483e-18
143.44	3.207e-18
143.46	2.988e-18
143.48	2.771e-18
143.50	2.596e-18
143.52	2.430e-18
143.54	2.224e-18
143.56	2.018e-18
143.58	1.872e-18
143.60	1.790e-18
143.62	1.709e-18
143.64	1.636e-18
143.66	1.616e-18
143.68	1.619e-18
143.70	1.605e-18
143.72	1.599e-18
143.74	1.622e-18
143.76	1.692e-18
143.78	1.827e-18
143.80	2.048e-18
143.82	2.243e-18
143.84	2.283e-18
143.86	2.174e-18
143.88	2.020e-18
143.90	1.900e-18
143.92	1.824e-18
143.94	1.782e-18
143.96	1.763e-18
143.98	1.739e-18
144.00	1.689e-18
144.02	1.617e-18
144.04	1.568e-18
144.06	1.557e-18
144.08	1.569e-18
144.10	1.573e-18
144.12	1.545e-18
144.14	1.514e-18
144.16	1.500e-18
144.18	1.491e-18
144.20	1.477e-18
144.22	1.449e-18
144.24	1.423e-18
144.26	1.387e-18
144.28	1.364e-18
144.30	1.342e-18
144.32	1.329e-18
144.34	1.314e-18
144.36	1.297e-18
144.38	1.278e-18
144.40	1.271e-18
144.42	1.274e-18
144.44	1.285e-18
144.46	1.359e-18
144.48	1.817e-18
144.50	2.814e-18
144.52	3.900e-18
144.54	4.655e-18
144.56	5.092e-18
144.58	5.222e-18
144.60	4.853e-18
144.62	4.249e-18
144.64	3.887e-18
144.66	3.784e-18
144.68	3.704e-18
144.70	3.448e-18
144.72	2.987e-18
144.74	2.567e-18
144.76	2.483e-18
144.78	2.537e-18
144.80	2.441e-18
144.82	2.192e-18
144.84	2.012e-18
144.86	1.917e-18
144.88	1.807e-18
144.90	1.616e-18
144.92	1.399e-18
144.94	1.305e-18
144.96	1.340e-18
144.98	1.368e-18
145.00	1.336e-18
145.02	1.302e-18
145.04	1.256e-18
145.06	1.193e-18
145.08	1.108e-18
145.10	1.046e-18
145.12	1.020e-18
145.14	1.004e-18
145.16	1.018e-18
145.18	1.054e-18
145.20	1.109e-18
145.22	1.173e-18
145.24	1.270e-18
145.26	1.389e-18
145.28	1.458e-18
145.30	1.464e-18
145.32	1.391e-18
145.34	1.269e-18
145.36	1.135e-18
145.38	1.007e-18
145.40	9.144e-19
145.42	8.226e-19
145.44	7.521e-19
145.46	7.079e-19
145.48	6.633e-19
145.50	6.373e-19
145.52	6.250e-19
145.54	5.989e-19
145.56	5.885e-19
145.58	5.852e-19
145.60	5.935e-19
145.62	6.193e-19
145.64	6.800e-19
145.66	8.120e-19
145.68	1.012e-18
145.70	1.244e-18
145.72	1.366e-18
145.74	1.389e-18
145.76	1.386e-18
145.78	1.403e-18
145.80	1.431e-18
145.82	1.449e-18
145.84	1.450e-18
145.86	1.410e-18
145.88	1.349e-18
145.90	1.278e-18
145.92	1.220e-18
145.94	1.164e-18
145.96	1.134e-18
145.98	1.137e-18
146.00	1.136e-18
146.02	1.128e-18
146.04	1.131e-18
146.06	1.170e-18
146.08	1.158e-18
146.10	1.104e-18
146.12	1.061e-18
146.14	1.060e-18
146.16	1.099e-18
146.18	1.144e-18
146.20	1.152e-18
146.22	1.105e-18
146.24	1.039e-18
146.26	9.793e-19
146.28	9.407e-19
146.30	9.129e-19
146.32	8.781e-19
146.34	8.381e-19
146.36	8.072e-19
146.38	7.975e-19
146.40	7.952e-19
146.42	7.850e-19
146.44	7.569e-19
146.46	7.229e-19
146.48	6.891e-19
146.50	6.516e-19
146.52	6.257e-19
146.54	6.112e-19
146.56	5.950e-19
146.58	5.819e-19
146.60	5.800e-19
146.62	6.015e-19
146.64	6.320e-19
146.66	6.684e-19
146.68	7.484e-19
146.70	1.035e-18
146.72	1.695e-18
146.74	2.918e-18
146.76	4.353e-18
146.78	5.374e-18
146.80	5.820e-18
146.82	5.828e-18
146.84	5.655e-18
146.86	5.389e-18
146.88	5.046e-18
146.90	4.522e-18
146.92	3.956e-18
146.94	3.500e-18
146.96	3.301e-18
146.98	3.281e-18
147.00	3.227e-18
147.02	2.954e-18
147.04	2.520e-18
147.06	2.124e-18
147.08	1.871e-18
147.10	1.742e-18
147.12	1.656e-18
147.14	1.582e-18
147.16	1.502e-18
147.18	1.434e-18
147.20	1.300e-18
147.22	1.091e-18
147.24	9.269e-19
147.26	8.536e-19
147.28	8.118e-19
147.30	7.670e-19
147.32	7.393e-19
147.34	7.162e-19
147.36	6.821e-19
147.38	6.770e-19
147.40	6.943e-19
147.42	6.759e-19
147.44	6.055e-19
147.46	5.240e-19
147.48	4.676e-19
147.50	4.370e-19
147.52	4.361e-19
147.54	4.325e-19
147.56	4.222e-19
147.58	4.115e-19
147.60	4.016e-19
147.62	3.919e-19
147.64	3.799e-19
147.66	3.833e-19
147.68	3.965e-19
147.70	4.113e-19
147.72	4.082e-19
147.74	3.954e-19
147.76	4.103e-19
147.78	4.974e-19
147.80	7.002e-19
147.82	9.699e-19
147.84	1.136e-18
147.86	1.090e-18
147.88	9.537e-19
147.90	9.267e-19
147.92	1.013e-18
147.94	1.088e-18
147.96	1.092e-18
147.98	1.054e-18
148.00	9.943e-19
148.02	9.530e-19
148.04	9.423e-19
148.06	9.421e-19
148.08	9.302e-19
148.10	9.203e-19
148.12	9.140e-19
148.14	8.779e-19
148.16	8.408e-19
148.18	8.496e-19
148.20	8.966e-19
148.22	9.266e-19
148.24	8.996e-19
148.26	8.355e-19
148.28	7.929e-19
148.30	7.892e-19
148.32	7.893e-19
148.34	7.764e-19
148.36	7.583e-19
148.38	7.443e-19
148.40	7.284e-19
148.42	7.038e-19
148.44	6.794e-19
148.46	6.502e-19
148.48	6.179e-19
148.50	5.745e-19
148.52	5.354e-19
148.54	4.987e-19
148.56	4.583e-19
148.58	4.097e-19
148.60	3.671e-19
148.62	3.486e-19
148.64	3.480e-19
148.66	3.429e-19
148.68	3.269e-19
148.70	3.083e-19
148.72	2.995e-19
148.74	2.912e-19
148.76	2.817e-19
148.78	2.880e-19
148.80	3.222e-19
148.82	3.616e-19
148.84	3.915e-19
148.86	4.081e-19
148.88	4.214e-19
148.90	4.378e-19
148.92	4.635e-19
148.94	5.091e-19
148.96	5.848e-19
148.98	7.662e-19
149.00	1.271e-18
149.02	2.337e-18
149.04	3.879e-18
149.06	5.500e-18
149.08	6.487e-18
149.10	6.873e-18
149.12	6.695e-18
149.14	6.118e-18
149.16	5.548e-18
149.18	5.170e-18
149.20	4.893e-18
149.22	4.598e-18
149.24	4.144e-18
149.26	3.460e-18
149.28	3.006e-18
149.30	2.955e-18
149.32	3.053e-18
149.34	2.896e-18
149.36	2.501e-18
149.38	2.121e-18
149.40	1.816e-18
149.42	1.568e-18
149.44	1.347e-18
149.46	1.264e-18
149.48	1.235e-18
149.50	1.127e-18
149.52	1.016e-18
149.54	1.024e-18
149.56	1.036e-18
149.58	9.244e-19
149.60	7.834e-19
149.62	6.784e-19
149.64	5.861e-19
149.66	5.322e-19
149.68	5.306e-19
149.70	5.351e-19
149.72	4.860e-19
149.74	4.145e-19
149.76	3.717e-19
149.78	3.671e-19
149.80	3.735e-19
149.82	3.843e-19
149.84	3.795e-19
149.86	3.469e-19
149.88	2.964e-19
149.90	2.559e-19
149.92	2.581e-19
149.94	3.176e-19
149.96	4.820e-19
149.98	8.126e-19
150.00	1.157e-18
150.02	1.283e-18
150.04	1.098e-18
150.06	8.007e-19
150.08	6.597e-19
150.10	6.980e-19
150.12	8.305e-19
150.14	9.306e-19
150.16	9.844e-19
150.18	1.028e-18
150.20	9.999e-19
150.22	8.982e-19
150.24	7.816e-19
150.26	7.090e-19
150.28	7.620e-19
150.30	8.622e-19
150.32	8.891e-19
150.34	8.173e-19
150.36	7.314e-19
150.38	6.944e-19
150.40	6.597e-19
150.42	6.137e-19
150.44	5.792e-19
150.46	5.853e-19
150.48	6.191e-19
150.50	6.410e-19
150.52	6.191e-19
150.54	6.004e-19
150.56	6.300e-19
150.58	6.515e-19
150.60	6.179e-19
150.62	5.450e-19
150.64	4.928e-19
150.66	4.674e-19
150.68	4.573e-19
150.70	4.586e-19
150.72	4.513e-19
150.74	4.230e-19
150.76	3.776e-19
150.78	3.538e-19
150.80	3.553e-19
150.82	3.531e-19
150.84	3.335e-19
150.86	3.175e-19
150.88	3.145e-19
150.90	3.069e-19
150.92	2.871e-19
150.94	2.629e-19
150.96	2.440e-19
150.98	2.295e-19
151.00	2.180e-19
151.02	2.074e-19
151.04	2.011e-19
151.06	2.066e-19
151.08	2.217e-19
151.10	2.382e-19
151.12	2.448e-19
151.14	2.421e-19
151.16	2.410e-19
151.18	2.517e-19
151.20	2.775e-19
151.22	3.254e-19
151.24	3.915e-19
151.26	4.623e-19
151.28	5.219e-19
151.30	6.115e-19
151.32	8.106e-19
151.34	1.689e-18
151.36	2.882e-18
151.38	4.505e-18
151.40	6.606e-18
151.42	8.419e-18
151.44	9.099e-18
151.46	8.752e-18
151.48	8.172e-18
151.50	7.513e-18
151.52	6.808e-18
151.54	6.092e-18
151.56	5.543e-18
151.58	5.219e-18
151.60	4.791e-18
151.62	4.342e-18
151.64	3.928e-18
151.66	3.517e-18
151.68	2.932e-18
151.70	2.450e-18
151.72	2.354e-18
151.74	2.338e-18
151.76	2.185e-18
151.78	2.014e-18
151.80	1.897e-18
151.82	1.701e-18
151.84	1.213e-18
151.86	9.643e-19
151.88	8.819e-19
151.90	8.765e-19
151.92	8.649e-19
151.94	8.036e-19
151.96	6.561e-19
151.98	5.891e-19
152.00	6.255e-19
152.02	6.551e-19
152.04	5.738e-19
152.06	4.361e-19
152.08	3.606e-19
152.10	3.356e-19
152.12	3.563e-19
152.14	4.579e-19
152.16	7.401e-19
152.18	1.164e-18
152.20	1.423e-18
152.22	1.288e-18
152.24	8.992e-19
152.26	5.924e-19
152.28	4.333e-19
152.30	4.595e-19
152.32	6.215e-19
152.34	7.852e-19
152.36	8.556e-19
152.38	8.257e-19
152.40	7.916e-19
152.42	7.711e-19
152.44	7.964e-19
152.46	8.249e-19
152.48	7.991e-19
152.50	7.215e-19
152.52	6.782e-19
152.54	6.376e-19
152.56	5.595e-19
152.58	5.105e-19
152.60	5.559e-19
152.62	5.820e-19
152.64	5.294e-19
152.66	4.652e-19
152.68	4.712e-19
152.70	4.893e-19
152.72	4.615e-19
152.74	4.142e-19
152.76	4.145e-19
152.78	4.784e-19
152.80	5.267e-19
152.82	5.237e-19
152.84	4.845e-19
152.86	4.558e-19
152.88	4.426e-19
152.90	4.324e-19
152.92	4.243e-19
152.94	4.216e-19
152.96	4.251e-19
152.98	4.215e-19
153.00	3.935e-19
153.02	3.548e-19
153.04	3.274e-19
153.06	3.164e-19
153.08	3.104e-19
153.10	2.954e-19
153.12	2.782e-19
153.14	2.611e-19
153.16	2.512e-19
153.18	2.480e-19
153.20	2.465e-19
153.22	2.350e-19
153.24	2.194e-19
153.26	2.115e-19
153.28	2.097e-19
153.30	2.036e-19
153.32	1.911e-19
153.34	1.798e-19
153.36	1.710e-19
153.38	1.589e-19
153.40	1.483e-19
153.42	1.428e-19
153.44	1.416e-19
153.46	1.412e-19
153.48	1.395e-19
153.50	1.409e-19
153.52	1.515e-19
153.54	1.651e-19
153.56	1.844e-19
153.58	2.045e-19
153.60	2.430e-19
153.62	3.089e-19
153.64	3.815e-19
153.66	4.516e-19
153.68	5.206e-19
153.70	6.354e-19
153.72	1.139e-18
153.74	1.924e-18
153.76	3.182e-18
153.78	5.034e-18
153.80	7.297e-18
153.82	9.130e-18
153.84	9.712e-18
153.86	9.182e-18
153.88	8.277e-18
153.90	7.479e-18
153.92	6.951e-18
153.94	6.739e-18
153.96	6.120e-18
153.98	5.216e-18
154.00	4.444e-18
154.02	4.126e-18
154.04	4.082e-18
154.06	4.017e-18
154.08	3.706e-18
154.10	3.191e-18
154.12	2.697e-18
154.14	2.313e-18
154.16	1.740e-18
154.18	1.630e-18
154.20	1.549e-18
154.22	1.363e-18
154.24	1.159e-18
154.26	1.090e-18
154.28	1.092e-18
154.30	1.016e-18
154.32	9.056e-19
154.34	8.603e-19
154.36	1.032e-18
154.38	1.335e-18
154.40	1.487e-18
154.42	1.330e-18
154.44	1.060e-18
154.46	8.124e-19
154.48	6.012e-19
154.50	4.796e-19
154.52	4.548e-19
154.54	5.054e-19
154.56	6.246e-19
154.58	7.652e-19
154.60	8.325e-19
154.62	8.285e-19
154.64	8.279e-19
154.66	8.080e-19
154.68	7.443e-19
154.70	6.577e-19
154.72	5.645e-19
154.74	5.128e-19
154.76	5.402e-19
154.78	5.945e-19
154.80	5.684e-19
154.82	5.031e-19
154.84	4.751e-19
154.86	4.522e-19
154.88	4.122e-19
154.90	4.074e-19
154.92	4.319e-19
154.94	4.046e-19
154.96	3.412e-19
154.98	3.239e-19
155.00	3.469e-19
155.02	3.519e-19
155.04	3.330e-19
155.06	3.401e-19
155.08	3.784e-19
155.10	3.904e-19
155.12	3.645e-19
155.14	3.446e-19
155.16	3.581e-19
155.18	3.808e-19
155.20	3.866e-19
155.22	3.729e-19
155.24	3.527e-19
155.26	3.413e-19
155.28	3.365e-19
155.30	3.310e-19
155.32	3.166e-19
155.34	3.081e-19
155.36	3.060e-19
155.38	3.048e-19
155.40	2.912e-19
155.42	2.757e-19
155.44	2.615e-19
155.46	2.507e-19
155.48	2.352e-19
155.50	2.216e-19
155.52	2.096e-19
155.54	2.058e-19
155.56	2.029e-19
155.58	1.963e-19
155.60	1.865e-19
155.62	1.765e-19
155.64	1.676e-19
155.66	1.603e-19
155.68	1.573e-19
155.70	1.584e-19
155.72	1.583e-19
155.74	1.554e-19
155.76	1.504e-19
155.78	1.473e-19
155.80	1.468e-19
155.82	1.466e-19
155.84	1.457e-19
155.86	1.469e-19
155.88	1.524e-19
155.90	1.607e-19
155.92	1.712e-19
155.94	1.814e-19
155.96	1.915e-19
155.98	2.062e-19
156.00	2.286e-19
156.02	2.873e-19
156.04	3.704e-19
156.06	4.380e-19
156.08	4.863e-19
156.10	5.345e-19
156.12	6.401e-19
156.14	8.905e-19
156.16	1.914e-18
156.18	3.212e-18
156.20	4.851e-18
156.22	6.673e-18
156.24	8.237e-18
156.26	8.912e-18
156.28	8.582e-18
156.30	8.094e-18
156.32	7.573e-18
156.34	6.682e-18
156.36	5.785e-18
156.38	5.399e-18
156.40	5.176e-18
156.42	4.736e-18
156.44	4.160e-18
156.46	3.880e-18
156.48	3.723e-18
156.50	3.500e-18
156.52	3.073e-18
156.54	2.647e-18
156.56	2.420e-18
156.58	2.351e-18
156.60	2.344e-18
156.62	2.278e-18
156.64	2.095e-18
156.66	1.631e-18
156.68	1.308e-18
156.70	1.077e-18
156.72	9.380e-19
156.74	8.292e-19
156.76	7.199e-19
156.78	6.965e-19
156.80	7.945e-19
156.82	9.301e-19
156.84	1.008e-18
156.86	9.823e-19
156.88	8.906e-19
156.90	7.838e-19
156.92	7.029e-19
156.94	6.634e-19
156.96	6.274e-19
156.98	5.696e-19
157.00	5.056e-19
157.02	4.696e-19
157.04	4.484e-19
157.06	4.472e-19
157.08	4.531e-19
157.10	4.221e-19
157.12	3.614e-19
157.14	3.228e-19
157.16	3.185e-19
157.18	3.181e-19
157.20	3.232e-19
157.22	3.417e-19
157.24	3.426e-19
157.26	3.159e-19
157.28	2.859e-19
157.30	2.688e-19
157.32	2.572e-19
157.34	2.433e-19
157.36	2.327e-19
157.38	2.343e-19
157.40	2.537e-19
157.42	2.869e-19
157.44	3.130e-19
157.46	3.165e-19
157.48	3.059e-19
157.50	2.908e-19
157.52	2.845e-19
157.54	2.856e-19
157.56	2.902e-19
157.58	2.902e-19
157.60	2.882e-19
157.62	2.825e-19
157.64	2.724e-19
157.66	2.660e-19
157.68	2.693e-19
157.70	2.749e-19
157.72	2.740e-19
157.74	2.678e-19
157.76	2.632e-19
157.78	2.554e-19
157.80	2.444e-19
157.82	2.366e-19
157.84	2.343e-19
157.86	2.320e-19
157.88	2.270e-19
157.90	2.207e-19
157.92	2.171e-19
157.94	2.154e-19
157.96	2.117e-19
157.98	2.094e-19
158.00	2.099e-19
158.02	2.125e-19
158.04	2.104e-19
158.06	2.054e-19
158.08	2.015e-19
158.10	2.012e-19
158.12	2.003e-19
158.14	1.980e-19
158.16	1.978e-19
158.18	2.002e-19
158.20	2.011e-19
158.22	2.012e-19
158.24	2.009e-19
158.26	1.936e-19
158.28	1.949e-19
158.30	1.994e-19
158.32	2.065e-19
158.34	2.162e-19
158.36	2.245e-19
158.38	2.278e-19
158.40	2.356e-19
158.42	2.505e-19
158.44	2.805e-19
158.46	3.379e-19
158.48	3.926e-19
158.50	4.231e-19
158.52	4.240e-19
158.54	4.360e-19
158.56	4.556e-19
158.58	4.973e-19
158.60	7.067e-19
158.62	1.238e-18
158.64	2.752e-18
158.66	3.756e-18
158.68	4.814e-18
158.70	6.089e-18
158.72	6.976e-18
158.74	6.991e-18
158.76	6.619e-18
158.78	6.462e-18
158.80	6.328e-18
158.82	5.662e-18
158.84	5.050e-18
158.86	4.743e-18
158.88	4.487e-18
158.90	3.944e-18
158.92	3.277e-18
158.94	2.953e-18
158.96	2.755e-18
158.98	2.596e-18
159.00	2.408e-18
159.02	2.171e-18
159.04	1.890e-18
159.06	1.687e-18
159.08	1.541e-18
159.10	1.465e-18
159.12	1.376e-18
159.14	1.297e-18
159.16	1.241e-18
159.18	1.186e-18
159.20	9.611e-19
159.22	7.931e-19
159.24	6.857e-19
159.26	6.294e-19
159.28	5.945e-19
159.30	5.582e-19
159.32	5.123e-19
159.34	4.770e-19
159.36	4.754e-19
159.38	4.733e-19
159.40	4.367e-19
159.42	3.778e-19
159.44	3.380e-19
159.46	3.152e-19
159.48	3.004e-19
159.50	2.902e-19
159.52	2.851e-19
159.54	2.786e-19
159.56	2.746e-19
159.58	2.768e-19
159.60	2.789e-19
159.62	2.754e-19
159.64	2.677e-19
159.66	2.585e-19
159.68	2.488e-19
159.70	2.387e-19
159.72	2.340e-19
159.74	2.349e-19
159.76	2.395e-19
159.78	2.422e-19
159.80	2.480e-19
159.82	2.612e-19
159.84	2.772e-19
159.86	2.850e-19
159.88	2.801e-19
159.90	2.712e-19
159.92	2.667e-19
159.94	2.655e-19
159.96	2.631e-19
159.98	2.610e-19
160.00	2.603e-19
160.02	2.618e-19
160.04	2.667e-19
160.06	2.758e-19
160.08	2.806e-19
160.10	2.761e-19
160.12	2.663e-19
160.14	2.655e-19
160.16	2.714e-19
160.18	2.778e-19
160.20	2.779e-19
160.22	2.750e-19
160.24	2.745e-19
160.26	2.745e-19
160.28	2.732e-19
160.30	2.701e-19
160.32	2.691e-19
160.34	2.709e-19
160.36	2.736e-19
160.38	2.762e-19
160.40	2.789e-19
160.42	2.799e-19
160.44	2.807e-19
160.46	2.822e-19
160.48	2.838e-19
160.50	2.851e-19
160.52	2.867e-19
160.54	2.888e-19
160.56	2.902e-19
160.58	2.925e-19
160.60	2.954e-19
160.62	2.987e-19
160.64	3.018e-19
160.66	3.059e-19
160.68	3.086e-19
160.70	3.117e-19
160.72	3.155e-19
160.74	3.214e-19
160.76	3.290e-19
160.78	3.376e-19
160.80	3.444e-19
160.82	3.504e-19
160.84	3.569e-19
160.86	3.658e-19
160.88	3.787e-19
160.90	3.982e-19
160.92	4.220e-19
160.94	4.448e-19
160.96	4.633e-19
160.98	4.744e-19
161.00	4.792e-19
161.02	4.826e-19
161.04	4.987e-19
161.06	5.858e-19
161.08	8.087e-19
161.10	1.166e-18
161.12	1.881e-18
161.14	2.281e-18
161.16	2.744e-18
161.18	3.378e-18
161.20	4.094e-18
161.22	4.688e-18
161.24	4.948e-18
161.26	4.965e-18
161.28	4.878e-18
161.30	4.731e-18
161.32	4.372e-18
161.34	3.730e-18
161.36	3.218e-18
161.38	2.946e-18
161.40	2.802e-18
161.42	2.585e-18
161.44	2.379e-18
161.46	2.214e-18
161.48	2.064e-18
161.50	1.815e-18
161.52	1.637e-18
161.54	1.482e-18
161.56	1.375e-18
161.58	1.277e-18
161.60	1.224e-18
161.62	1.131e-18
161.64	9.979e-19
161.66	7.926e-19
161.68	7.173e-19
161.70	6.761e-19
161.72	6.271e-19
161.74	5.893e-19
161.76	5.726e-19
161.78	5.598e-19
161.80	5.153e-19
161.82	4.636e-19
161.84	4.246e-19
161.86	4.069e-19
161.88	3.915e-19
161.90	3.802e-19
161.92	3.706e-19
161.94	3.691e-19
161.96	3.708e-19
161.98	3.648e-19
162.00	3.520e-19
162.02	3.404e-19
162.04	3.164e-19
162.06	3.143e-19
162.08	3.113e-19
162.10	3.085e-19
162.12	3.072e-19
162.14	3.080e-19
162.16	3.098e-19
162.18	3.096e-19
162.20	3.088e-19
162.22	3.112e-19
162.24	3.174e-19
162.26	3.218e-19
162.28	3.203e-19
162.30	3.158e-19
162.32	3.143e-19
162.34	3.157e-19
162.36	3.176e-19
162.38	3.197e-19
162.40	3.219e-19
162.42	3.246e-19
162.44	3.276e-19
162.46	3.312e-19
162.48	3.340e-19
162.50	3.352e-19
162.52	3.338e-19
162.54	3.339e-19
162.56	3.376e-19
162.58	3.447e-19
162.60	3.503e-19
162.62	3.526e-19
162.64	3.540e-19
162.66	3.569e-19
162.68	3.594e-19
162.70	3.621e-19
162.72	3.651e-19
162.74	3.693e-19
162.76	3.737e-19
162.78	3.786e-19
162.80	3.835e-19
162.82	3.881e-19
162.84	3.929e-19
162.86	3.980e-19
162.88	4.025e-19
162.90	4.074e-19
162.92	4.122e-19
162.94	4.172e-19
162.96	4.224e-19
162.98	4.272e-19
163.00	4.332e-19
163.02	4.386e-19
163.04	4.447e-19
163.06	4.507e-19
163.08	4.568e-19
163.10	4.640e-19
163.12	4.702e-19
163.14	4.766e-19
163.16	4.842e-19
163.18	4.908e-19
163.20	4.978e-19
163.22	5.058e-19
163.24	5.138e-19
163.26	5.219e-19
163.28	5.295e-19
163.30	5.367e-19
163.32	5.445e-19
163.34	5.521e-19
163.36	5.606e-19
163.38	5.694e-19
163.40	5.791e-19
163.42	5.884e-19
163.44	5.971e-19
163.46	6.062e-19
163.48	6.191e-19
163.50	6.409e-19
163.52	6.727e-19
163.54	7.254e-19
163.56	8.415e-19
163.58	9.241e-19
163.60	1.041e-18
163.62	1.188e-18
163.64	1.338e-18
163.66	1.533e-18
163.68	1.814e-18
163.70	2.065e-18
163.72	2.277e-18
163.74	2.469e-18
163.76	2.726e-18
163.78	2.911e-18
163.80	2.964e-18
163.82	2.881e-18
163.84	2.621e-18
163.86	2.228e-18
163.88	1.858e-18
163.90	1.700e-18
163.92	1.694e-18
163.94	1.707e-18
163.96	1.635e-18
163.98	1.515e-18
164.00	1.423e-18
164.02	1.374e-18
164.04	1.304e-18
164.06	1.244e-18
164.08	1.163e-18
164.10	1.051e-18
164.12	9.285e-19
164.14	8.009e-19
164.16	7.603e-19
164.18	7.346e-19
164.20	7.174e-19
164.22	6.978e-19
164.24	6.618e-19
164.26	6.183e-19
164.28	5.833e-19
164.30	5.572e-19
164.32	5.417e-19
164.34	5.341e-19
164.36	5.278e-19
164.38	5.187e-19
164.40	5.043e-19
164.42	4.903e-19
164.44	4.810e-19
164.46	4.772e-19
164.48	4.759e-19
164.50	4.731e-19
164.52	4.710e-19
164.54	4.680e-19
164.56	4.629e-19
164.58	4.589e-19
164.60	4.572e-19
164.62	4.568e-19
164.64	4.568e-19
164.66	4.569e-19
164.68	4.571e-19
164.70	4.575e-19
164.72	4.582e-19
164.74	4.592e-19
164.76	4.605e-19
164.78	4.623e-19
164.80	4.638e-19
164.82	4.651e-19
164.84	4.666e-19
164.86	4.694e-19
164.88	4.716e-19
164.90	4.746e-19
164.92	4.771e-19
164.94	4.807e-19
164.96	4.842e-19
164.98	4.882e-19
165.00	4.923e-19
165.02	4.966e-19
165.04	5.007e-19
165.06	5.059e-19
165.08	5.108e-19
165.10	5.159e-19
165.12	5.217e-19
165.14	5.273e-19
165.16	5.338e-19
165.18	5.402e-19
165.20	5.464e-19
165.22	5.531e-19
165.24	5.602e-19
165.26	5.668e-19
165.28	5.738e-19
165.30	5.808e-19
165.32	5.887e-19
165.34	5.967e-19
165.36	6.043e-19
165.38	6.127e-19
165.40	6.212e-19
165.42	6.298e-19
165.44	6.392e-19
165.46	6.487e-19
165.48	6.583e-19
165.50	6.686e-19
165.52	6.788e-19
165.54	6.899e-19
165.56	7.013e-19
165.58	7.129e-19
165.60	7.247e-19
165.62	7.377e-19
165.64	7.493e-19
165.69	7.846e-19
165.74	8.168e-19
165.79	8.491e-19
165.84	8.849e-19
165.89	9.198e-19
165.94	9.568e-19
165.99	1.010e-18
166.04	1.055e-18
166.09	1.127e-18
166.14	1.269e-18
166.19	1.417e-18
166.24	1.631e-18
166.29	1.727e-18
166.34	1.720e-18
166.39	1.476e-18
166.44	1.394e-18
166.49	1.359e-18
166.54	1.281e-18
166.59	1.121e-18
166.64	1.045e-18
166.69	9.615e-19
166.74	8.910e-19
166.79	8.609e-19
166.84	8.191e-19
166.89	7.917e-19
166.94	7.724e-19
166.99	7.529e-19
167.04	7.423e-19
167.09	7.287e-19
167.14	7.207e-19
167.19	7.150e-19
167.24	7.125e-19
167.29	7.112e-19
167.34	7.137e-19
167.39	7.170e-19
167.44	7.223e-19
167.49	7.305e-19
167.54	7.405e-19
167.59	7.534e-19
167.64	7.676e-19
167.69	7.849e-19
167.74	8.050e-19
167.79	8.274e-19
167.84	8.513e-19
167.89	8.801e-19
167.94	9.087e-19
167.99	9.416e-19
168.04	9.780e-19
168.09	1.015e-18
168.14	1.056e-18
168.19	1.099e-18
168.24	1.146e-18
168.29	1.195e-18
168.34	1.251e-18
168.39	1.304e-18
168.44	1.364e-18
168.49	1.428e-18
168.54	1.495e-18
168.59	1.569e-18
168.64	1.640e-18
168.69	1.720e-18
168.74	1.787e-18
168.79	1.835e-18
168.84	1.891e-18
168.89	1.876e-18
168.94	1.879e-18
168.99	1.861e-18
169.04	1.823e-18
169.09	1.772e-18
169.14	1.713e-18
169.19	1.655e-18
169.24	1.595e-18
169.29	1.540e-18
169.34	1.485e-18
169.39	1.435e-18
169.44	1.385e-18
169.49	1.341e-18
169.54	1.299e-18
169.59	1.262e-18
169.64	1.228e-18
169.69	1.199e-18
169.74	1.171e-18
169.79	1.149e-18
169.84	1.130e-18
169.89	1.115e-18
169.94	1.103e-18
169.99	1.095e-18
170.04	1.090e-18
170.09	1.089e-18
170.14	1.092e-18
170.19	1.098e-18
170.24	1.108e-18
170.29	1.121e-18
170.34	1.138e-18
170.39	1.160e-18
170.44	1.186e-18
170.49	1.216e-18
170.54	1.249e-18
170.59	1.287e-18
170.64	1.331e-18
170.69	1.375e-18
170.74	1.425e-18
170.79	1.480e-18
170.84	1.538e-18
170.89	1.600e-18
170.94	1.668e-18
170.99	1.740e-18
171.04	1.818e-18
171.09	1.901e-18
171.14	1.990e-18
171.19	2.081e-18
171.24	2.178e-18
171.29	2.284e-18
171.34	2.389e-18
171.39	2.495e-18
171.44	2.604e-18
171.49	2.703e-18
171.54	2.800e-18
171.59	2.877e-18
171.64	2.940e-18
171.69	2.976e-18
171.74	2.990e-18
171.79	2.979e-18
171.84	2.943e-18
171.89	2.885e-18
171.94	2.813e-18
171.99	2.726e-18
172.04	2.636e-18
172.09	2.540e-18
172.14	2.445e-18
172.19	2.348e-18
172.24	2.255e-18
172.29	2.168e-18
172.34	2.087e-18
172.39	2.013e-18
172.44	1.945e-18
172.49	1.882e-18
172.54	1.828e-18
172.59	1.775e-18
172.64	1.735e-18
172.69	1.697e-18
172.74	1.665e-18
172.79	1.639e-18
172.84	1.619e-18
172.89	1.606e-18
172.94	1.598e-18
172.99	1.597e-18
173.04	1.602e-18
173.09	1.613e-18
173.14	1.631e-18
173.19	1.655e-18
173.24	1.687e-18
173.29	1.725e-18
173.34	1.769e-18
173.39	1.822e-18
173.44	1.878e-18
173.49	1.941e-18
173.54	2.009e-18
173.59	2.088e-18
173.64	2.167e-18
173.69	2.254e-18
173.74	2.350e-18
173.79	2.449e-18
173.84	2.559e-18
173.89	2.673e-18
173.94	2.799e-18
173.99	2.936e-18
174.04	3.079e-18
174.09	3.237e-18
174.14	3.399e-18
174.19	3.570e-18
174.24	3.754e-18
174.29	3.958e-18
174.34	4.146e-18
174.39	4.310e-18
174.44	4.475e-18
174.49	4.606e-18
174.54	4.708e-18
174.59	4.769e-18
174.64	4.789e-18
174.69	4.765e-18
174.74	4.701e-18
174.79	4.603e-18
174.84	4.465e-18
174.89	4.316e-18
174.94	4.155e-18
174.99	3.985e-18
175.04	3.813e-18
175.09	3.644e-18
175.14	3.478e-18
175.19	3.324e-18
175.24	3.175e-18
175.29	3.042e-18
175.34	2.914e-18
175.39	2.803e-18
175.44	2.698e-18
175.49	2.606e-18
175.54	2.525e-18
175.59	2.453e-18
175.64	2.387e-18
175.69	2.335e-18
175.74	2.288e-18
175.79	2.258e-18
175.84	2.236e-18
175.89	2.224e-18
175.94	2.221e-18
175.99	2.224e-18
176.04	2.240e-18
176.09	2.266e-18
176.14	2.302e-18
176.19	2.347e-18
176.24	2.404e-18
176.29	2.466e-18
176.34	2.544e-18
176.39	2.629e-18
176.44	2.718e-18
176.49	2.827e-18
176.54	2.929e-18
176.59	3.054e-18
176.64	3.179e-18
176.69	3.320e-18
176.74	3.466e-18
176.79	3.625e-18
176.84	3.799e-18
176.89	3.992e-18
176.94	4.180e-18
176.99	4.392e-18
177.04	4.627e-18
177.09	4.876e-18
177.14	5.146e-18
177.19	5.418e-18
177.24	5.711e-18
177.29	6.002e-18
177.34	6.276e-18
177.39	6.545e-18
177.44	6.770e-18
177.49	6.959e-18
177.54	7.100e-18
177.59	7.176e-18
177.64	7.188e-18
177.69	7.130e-18
177.74	7.015e-18
177.79	6.833e-18
177.84	6.622e-18
177.89	6.372e-18
177.94	6.106e-18
177.99	5.821e-18
178.04	5.549e-18
178.09	5.260e-18
178.14	5.008e-18
178.19	4.749e-18
178.24	4.517e-18
178.29	4.285e-18
178.34	4.091e-18
178.39	3.906e-18
178.44	3.737e-18
178.49	3.590e-18
178.54	3.446e-18
178.59	3.330e-18
178.64	3.224e-18
178.69	3.125e-18
178.74	3.048e-18
178.79	2.984e-18
178.84	2.934e-18
178.89	2.904e-18
178.94	2.884e-18
178.99	2.877e-18
179.04	2.886e-18
179.09	2.906e-18
179.14	2.937e-18
179.19	2.980e-18
179.24	3.040e-18
179.29	3.115e-18
179.34	3.201e-18
179.39	3.300e-18
179.44	3.411e-18
179.49	3.542e-18
179.54	3.681e-18
179.59	3.833e-18
179.64	4.000e-18
179.69	4.173e-18
179.74	4.373e-18
179.79	4.573e-18
179.84	4.801e-18
179.89	5.041e-18
179.94	5.307e-18
179.99	5.590e-18
180.04	5.909e-18
180.09	6.233e-18
180.14	6.589e-18
180.19	6.958e-18
180.24	7.359e-18
180.29	7.763e-18
180.34	8.191e-18
180.39	8.584e-18
180.44	8.964e-18
180.49	9.312e-18
180.54	9.602e-18
180.59	9.842e-18
180.64	1.002e-17
180.69	1.012e-17
180.74	1.012e-17
180.79	1.002e-17
180.84	9.830e-18
180.89	9.567e-18
180.94	9.224e-18
180.99	8.859e-18
181.04	8.456e-18
181.09	8.047e-18
181.14	7.634e-18
181.19	7.235e-18
181.24	6.833e-18
181.29	6.483e-18
181.34	6.113e-18
181.39	5.794e-18
181.44	5.474e-18
181.49	5.199e-18
181.54	4.926e-18
181.59	4.693e-18
181.64	4.480e-18
181.69	4.291e-18
181.74	4.125e-18
181.79	3.956e-18
181.84	3.835e-18
181.89	3.726e-18
181.94	3.645e-18
181.99	3.578e-18
182.04	3.527e-18
182.09	3.497e-18
182.14	3.484e-18
182.19	3.483e-18
182.24	3.499e-18
182.29	3.530e-18
182.34	3.577e-18
182.39	3.640e-18
182.44	3.725e-18
182.49	3.824e-18
182.54	3.940e-18
182.59	4.079e-18
182.64	4.234e-18
182.69	4.406e-18
182.74	4.607e-18
182.79	4.819e-18
182.84	5.059e-18
182.89	5.316e-18
182.94	5.603e-18
182.99	5.898e-18
183.04	6.298e-18
183.09	6.649e-18
183.14	7.073e-18
183.19	7.507e-18
183.24	7.977e-18
183.29	8.493e-18
183.34	8.998e-18
183.39	9.546e-18
183.44	1.006e-17
183.49	1.062e-17
183.54	1.117e-17
183.59	1.172e-17
183.64	1.222e-17
183.69	1.267e-17
183.74	1.304e-17
183.79	1.332e-17
183.84	1.347e-17
183.89	1.347e-17
183.94	1.333e-17
183.99	1.308e-17
184.04	1.276e-17
184.09	1.237e-17
184.14	1.187e-17
184.19	1.138e-17
184.24	1.084e-17
184.29	1.029e-17
184.34	9.735e-18
184.39	9.178e-18
184.44	8.628e-18
184.49	8.122e-18
184.54	7.638e-18
184.59	7.172e-18
184.64	6.754e-18
184.69	6.362e-18
184.74	6.013e-18
184.79	5.678e-18
184.84	5.400e-18
184.89	5.130e-18
184.94	4.913e-18
184.99	4.709e-18
185.04	4.536e-18
185.09	4.382e-18
185.14	4.256e-18
185.19	4.151e-18
185.24	4.069e-18
185.29	4.002e-18
185.34	3.960e-18
185.39	3.936e-18
185.44	3.931e-18
185.49	3.951e-18
185.54	3.993e-18
185.59	4.047e-18
185.64	4.126e-18
185.69	4.216e-18
185.74	4.334e-18
185.79	4.463e-18
185.84	4.626e-18
185.89	4.800e-18
185.94	5.009e-18
185.99	5.240e-18
186.04	5.521e-18
186.09	5.815e-18
186.14	6.162e-18
186.19	6.538e-18
186.24	6.952e-18
186.29	7.426e-18
186.34	7.915e-18
186.39	8.462e-18
186.44	9.029e-18
186.49	9.654e-18
186.54	1.031e-17
186.59	1.101e-17
186.64	1.174e-17
186.69	1.248e-17
186.74	1.328e-17
186.79	1.398e-17
186.84	1.467e-17
186.89	1.529e-17
186.94	1.581e-17
186.99	1.617e-17
187.04	1.640e-17
187.09	1.648e-17
187.14	1.641e-17
187.19	1.624e-17
187.24	1.594e-17
187.29	1.555e-17
187.34	1.504e-17
187.39	1.448e-17
187.44	1.385e-17
187.49	1.318e-17
187.54	1.247e-17
187.59	1.179e-17
187.64	1.109e-17
187.69	1.044e-17
187.74	9.782e-18
187.79	9.169e-18
187.84	8.581e-18
187.89	8.048e-18
187.94	7.565e-18
187.99	7.102e-18
188.04	6.706e-18
188.09	6.319e-18
188.14	5.991e-18
188.19	5.674e-18
188.24	5.395e-18
188.29	5.147e-18
188.34	4.921e-18
188.39	4.725e-18
188.44	4.550e-18
188.49	4.401e-18
188.54	4.282e-18
188.59	4.183e-18
188.64	4.104e-18
188.69	4.048e-18
188.74	4.018e-18
188.79	4.008e-18
188.84	4.020e-18
188.89	4.054e-18
188.94	4.108e-18
188.99	4.184e-18
189.04	4.283e-18
189.09	4.399e-18
189.14	4.523e-18
189.19	4.675e-18
189.24	4.840e-18
189.29	5.045e-18
189.34	5.276e-18
189.39	5.556e-18
189.44	5.874e-18
189.49	6.234e-18
189.54	6.653e-18
189.59	7.126e-18
189.64	7.651e-18
189.69	8.247e-18
189.74	8.910e-18
189.79	9.631e-18
189.84	1.045e-17
189.89	1.131e-17
189.94	1.228e-17
189.99	1.322e-17
190.04	1.420e-17
190.09	1.514e-17
190.14	1.602e-17
190.19	1.683e-17
190.24	1.751e-17
190.29	1.810e-17
190.34	1.853e-17
190.39	1.877e-17
190.44	1.884e-17
190.49	1.875e-17
190.54	1.852e-17
190.59	1.814e-17
190.64	1.764e-17
190.69	1.704e-17
190.74	1.643e-17
190.79	1.572e-17
190.84	1.499e-17
190.89	1.416e-17
190.94	1.339e-17
190.99	1.255e-17
191.04	1.179e-17
191.09	1.101e-17
191.14	1.031e-17
191.19	9.615e-18
191.24	8.980e-18
191.29	8.369e-18
191.34	7.843e-18
191.39	7.348e-18
191.44	6.894e-18
191.49	6.473e-18
191.54	6.102e-18
191.59	5.747e-18
191.64	5.447e-18
191.69	5.163e-18
191.74	4.917e-18
191.79	4.694e-18
191.84	4.499e-18
191.89	4.327e-18
191.94	4.186e-18
191.99	4.060e-18
192.04	3.958e-18
192.09	3.878e-18
192.14	3.824e-18
192.19	3.786e-18
192.24	3.768e-18
192.29	3.767e-18
192.34	3.786e-18
192.39	3.818e-18
192.44	3.872e-18
192.49	3.934e-18
192.54	4.023e-18
192.59	4.111e-18
192.64	4.231e-18
192.69	4.381e-18
192.74	4.575e-18
192.79	4.776e-18
192.84	5.030e-18
192.89	5.332e-18
192.94	5.684e-18
192.99	6.103e-18
193.04	6.594e-18
193.09	7.144e-18
193.14	7.791e-18
193.19	8.548e-18
193.24	9.390e-18
193.29	1.036e-17
193.34	1.143e-17
193.39	1.262e-17
193.44	1.378e-17
193.49	1.504e-17
193.54	1.620e-17
193.59	1.729e-17
193.64	1.824e-17
193.69	1.901e-17
193.74	1.957e-17
193.79	1.987e-17
193.84	2.000e-17
193.89	1.993e-17
193.94	1.971e-17
193.99	1.934e-17
194.04	1.884e-17
194.09	1.824e-17
194.14	1.752e-17
194.19	1.678e-17
194.24	1.594e-17
194.29	1.506e-17
194.34	1.420e-17
194.39	1.333e-17
194.44	1.247e-17
194.49	1.165e-17
194.54	1.084e-17
194.59	1.010e-17
194.64	9.365e-18
194.69	8.714e-18
194.74	8.103e-18
194.79	7.544e-18
194.84	7.041e-18
194.89	6.579e-18
194.94	6.145e-18
194.99	5.753e-18
195.04	5.402e-18
195.09	5.074e-18
195.14	4.786e-18
195.19	4.524e-18
195.24	4.292e-18
195.29	4.072e-18
195.34	3.886e-18
195.39	3.723e-18
195.44	3.573e-18
195.49	3.449e-18
195.54	3.344e-18
195.59	3.263e-18
195.64	3.197e-18
195.69	3.146e-18
195.74	3.119e-18
195.79	3.104e-18
195.84	3.112e-18
195.89	3.129e-18
195.94	3.168e-18
195.99	3.221e-18
196.04	3.282e-18
196.09	3.354e-18
196.14	3.429e-18
196.19	3.520e-18
196.24	3.623e-18
196.29	3.746e-18
196.34	3.893e-18
196.39	4.075e-18
196.44	4.295e-18
196.49	4.565e-18
196.54	4.901e-18
196.59	5.308e-18
196.64	5.818e-18
196.69	6.427e-18
196.74	7.158e-18
196.79	8.042e-18
196.84	9.101e-18
196.89	1.033e-17
196.94	1.167e-17
196.99	1.313e-17
197.04	1.461e-17
197.09	1.598e-17
197.14	1.714e-17
197.19	1.816e-17
197.24	1.887e-17
197.29	1.934e-17
197.34	1.958e-17
197.39	1.955e-17
197.44	1.933e-17
197.49	1.887e-17
197.54	1.831e-17
197.59	1.764e-17
197.64	1.694e-17
197.69	1.609e-17
197.74	1.527e-17
197.79	1.437e-17
197.84	1.350e-17
197.89	1.265e-17
197.94	1.181e-17
197.99	1.105e-17
198.04	1.031e-17
198.09	9.582e-18
198.14	8.885e-18
198.19	8.235e-18
198.24	7.630e-18
198.29	7.038e-18
198.34	6.522e-18
198.39	6.022e-18
198.44	5.597e-18
198.49	5.197e-18
198.54	4.839e-18
198.59	4.513e-18
198.64	4.210e-18
198.69	3.947e-18
198.74	3.707e-18
198.79	3.491e-18
198.84	3.295e-18
198.89	3.120e-18
198.94	2.962e-18
198.99	2.827e-18
199.04	2.710e-18
199.09	2.605e-18
199.14	2.529e-18
199.19	2.454e-18
199.24	2.395e-18
199.29	2.333e-18
199.34	2.281e-18
199.39	2.259e-18
199.44	2.246e-18
199.49	2.246e-18
199.54	2.255e-18
199.59	2.280e-18
199.64	2.307e-18
199.69	2.343e-18
199.74	2.382e-18
199.79	2.432e-18
199.84	2.474e-18
199.89	2.534e-18
199.94	2.597e-18
199.99	2.668e-18
200.04	2.770e-18
200.09	2.894e-18
200.14	3.073e-18
200.19	3.288e-18
200.24	3.566e-18
200.29	3.918e-18
200.34	4.398e-18
200.39	4.972e-18
200.44	5.706e-18
200.49	6.669e-18
200.54	7.758e-18
200.59	9.071e-18
200.64	1.050e-17
200.69	1.199e-17
200.74	1.337e-17
200.79	1.455e-17
200.84	1.550e-17
200.89	1.619e-17
200.94	1.667e-17
200.99	1.700e-17
201.04	1.709e-17
201.09	1.689e-17
201.14	1.646e-17
201.19	1.589e-17
201.24	1.521e-17
201.29	1.446e-17
201.34	1.367e-17
201.39	1.280e-17
201.44	1.197e-17
201.49	1.108e-17
201.54	1.027e-17
201.59	9.542e-18
201.64	8.759e-18
201.69	8.077e-18
201.74	7.416e-18
201.79	6.805e-18
201.84	6.224e-18
201.89	5.712e-18
201.94	5.248e-18
201.99	4.812e-18
202.04	4.423e-18
202.09	4.059e-18
202.14	3.748e-18
202.19	3.462e-18
202.24	3.197e-18
202.29	2.960e-18
202.34	2.764e-18
202.39	2.574e-18
202.44	2.400e-18
202.49	2.248e-18
202.54	2.113e-18
202.59	1.990e-18
202.64	1.886e-18
202.69	1.789e-18
202.74	1.709e-18
202.79	1.632e-18
202.84	1.567e-18
202.89	1.516e-18
202.94	1.467e-18
202.99	1.426e-18
203.04	1.399e-18
203.09	1.378e-18
203.14	1.364e-18
203.19	1.359e-18
203.24	1.363e-18
203.29	1.370e-18
203.34	1.391e-18
203.39	1.412e-18
203.44	1.441e-18
203.49	1.464e-18
203.54	1.498e-18
203.59	1.527e-18
203.64	1.559e-18
203.69	1.599e-18
203.74	1.639e-18
203.79	1.692e-18
203.84	1.753e-18
203.89	1.835e-18
203.94	1.945e-18
203.99	2.093e-18
204.04	2.296e-18
204.09	2.561e-18
204.14	2.942e-18
204.19	3.439e-18
204.24	4.108e-18
204.29	5.061e-18
204.34	6.273e-18
204.36	6.823e-18
204.38	7.421e-18
204.40	8.038e-18
204.42	8.657e-18
204.44	9.259e-18
204.46	9.817e-18
204.48	1.032e-17
204.50	1.072e-17
204.52	1.104e-17
204.54	1.125e-17
204.56	1.138e-17
204.58	1.144e-17
204.60	1.145e-17
204.62	1.146e-17
204.64	1.147e-17
204.66	1.150e-17
204.68	1.156e-17
204.70	1.166e-17
204.72	1.179e-17
204.74	1.195e-17
204.76	1.210e-17
204.78	1.221e-17
204.80	1.232e-17
204.82	1.238e-17
204.84	1.242e-17
204.86	1.241e-17
204.88	1.234e-17
204.90	1.222e-17
204.92	1.206e-17
204.94	1.184e-17
204.96	1.160e-17
204.98	1.134e-17
205.00	1.109e-17
205.02	1.083e-17
205.04	1.056e-17
205.06	1.030e-17
205.08	1.003e-17
205.10	9.769e-18
205.12	9.473e-18
205.14	9.190e-18
205.16	8.900e-18
205.18	8.611e-18
205.20	8.308e-18
205.22	8.017e-18
205.24	7.720e-18
205.29	7.055e-18
205.34	6.442e-18
205.39	5.874e-18
205.44	5.322e-18
205.49	4.824e-18
205.54	4.355e-18
205.59	3.923e-18
205.64	3.552e-18
205.69	3.227e-18
205.74	2.954e-18
205.79	2.696e-18
205.84	2.465e-18
205.89	2.258e-18
205.94	2.075e-18
205.99	1.901e-18
206.04	1.757e-18
206.09	1.615e-18
206.14	1.496e-18
206.19	1.394e-18
206.24	1.291e-18
206.29	1.209e-18
206.34	1.131e-18
206.39	1.065e-18
206.44	1.006e-18
206.49	9.508e-19
206.54	9.064e-19
206.59	8.649e-19
206.64	8.297e-19
206.69	7.959e-19
206.74	7.702e-19
206.79	7.479e-19
206.84	7.298e-19
206.89	7.154e-19
206.94	7.084e-19
206.99	7.087e-19
207.04	7.078e-19
207.09	7.092e-19
207.14	7.176e-19
207.19	7.222e-19
207.24	7.305e-19
207.29	7.395e-19
207.34	7.484e-19
207.39	7.563e-19
207.44	7.723e-19
207.49	7.803e-19
207.54	7.968e-19
207.59	8.121e-19
207.64	8.441e-19
207.69	8.665e-19
207.74	9.063e-19
207.79	9.547e-19
207.84	1.026e-18
207.89	1.107e-18
207.94	1.224e-18
207.99	1.373e-18
208.04	1.582e-18
208.06	1.684e-18
208.08	1.809e-18
208.10	1.959e-18
208.12	2.141e-18
208.14	2.359e-18
208.16	2.630e-18
208.18	2.942e-18
208.20	3.404e-18
208.22	3.835e-18
208.24	4.397e-18
208.26	5.070e-18
208.28	5.815e-18
208.30	6.591e-18
208.32	7.324e-18
208.34	7.893e-18
208.36	8.145e-18
208.38	8.203e-18
208.40	7.997e-18
208.42	7.617e-18
208.44	7.141e-18
208.46	6.623e-18
208.48	6.156e-18
208.50	5.710e-18
208.52	5.363e-18
208.54	5.149e-18
208.56	5.102e-18
208.58	5.242e-18
208.60	5.543e-18
208.62	5.962e-18
208.64	6.465e-18
208.66	6.924e-18
208.68	7.303e-18
208.70	7.533e-18
208.72	7.624e-18
208.74	7.615e-18
208.76	7.546e-18
208.78	7.457e-18
208.80	7.346e-18
208.82	7.234e-18
208.84	7.132e-18
208.86	7.023e-18
208.88	6.876e-18
208.90	6.701e-18
208.92	6.469e-18
208.94	6.197e-18
208.96	5.891e-18
208.98	5.630e-18
209.00	5.407e-18
209.02	5.193e-18
209.04	5.003e-18
209.09	4.667e-18
209.14	4.345e-18
209.19	3.931e-18
209.24	3.377e-18
209.29	3.010e-18
209.34	2.657e-18
209.39	2.370e-18
209.44	2.187e-18
209.49	1.991e-18
209.54	1.706e-18
209.59	1.513e-18
209.64	1.362e-18
209.69	1.201e-18
209.74	1.065e-18
209.79	9.811e-19
209.84	8.858e-19
209.89	7.905e-19
209.94	7.199e-19
209.99	6.615e-19
210.04	5.557e-19
210.09	5.026e-19
210.14	4.619e-19
210.19	4.306e-19
210.24	3.984e-19
210.29	3.696e-19
210.34	3.458e-19
210.39	3.276e-19
210.44	3.102e-19
210.49	2.953e-19
210.54	2.829e-19
210.59	2.729e-19
210.64	2.648e-19
210.69	2.575e-19
210.74	2.520e-19
210.79	2.479e-19
210.84	2.448e-19
210.89	2.435e-19
210.94	2.424e-19
210.99	2.426e-19
211.04	2.434e-19
211.09	2.453e-19
211.14	2.478e-19
211.19	2.505e-19
211.24	2.540e-19
211.29	2.585e-19
211.34	2.624e-19
211.39	2.677e-19
211.44	2.747e-19
211.49	2.810e-19
211.54	2.902e-19
211.59	3.007e-19
211.64	3.148e-19
211.69	3.317e-19
211.74	3.543e-19
211.79	3.844e-19
211.84	4.256e-19
211.89	4.813e-19
211.94	5.605e-19
211.99	6.842e-19
212.04	8.752e-19
212.09	1.189e-18
212.14	1.682e-18
212.19	2.374e-18
212.24	3.114e-18
212.29	3.460e-18
212.34	3.225e-18
212.39	2.736e-18
212.44	2.168e-18
212.49	1.870e-18
212.54	1.870e-18
212.59	2.199e-18
212.64	2.932e-18
212.69	3.391e-18
212.74	3.464e-18
212.79	3.420e-18
212.84	3.209e-18
212.89	2.867e-18
212.94	2.561e-18
212.99	2.416e-18
213.04	2.227e-18
213.09	1.914e-18
213.14	1.763e-18
213.19	1.524e-18
213.24	1.374e-18
213.29	1.240e-18
213.34	1.022e-18
213.39	8.740e-19
213.44	7.856e-19
213.49	6.910e-19
213.54	6.083e-19
213.59	5.229e-19
213.64	4.435e-19
213.69	3.714e-19
213.74	3.167e-19
213.79	2.773e-19
213.84	2.395e-19
213.89	2.041e-19
213.94	1.787e-19
213.99	1.613e-19
214.04	1.440e-19
214.09	1.246e-19
214.14	1.112e-19
214.19	1.017e-19
214.24	9.478e-20
214.29	8.541e-20
214.34	7.875e-20
214.39	7.447e-20
214.44	7.099e-20
214.49	6.707e-20
214.54	6.394e-20
214.59	6.167e-20
214.64	5.958e-20
214.69	5.864e-20
214.74	5.773e-20
214.79	5.662e-20
214.84	5.648e-20
214.89	5.643e-20
214.94	5.657e-20
214.99	5.644e-20
215.04	5.702e-20
215.09	5.709e-20
215.14	5.819e-20
215.19	5.961e-20
215.24	6.109e-20
215.29	6.307e-20
215.34	6.579e-20
215.39	6.871e-20
215.44	7.194e-20
215.49	7.661e-20
215.54	8.090e-20
215.59	8.681e-20
215.64	9.426e-20
215.69	1.040e-19
215.74	1.157e-19
215.79	1.322e-19
215.84	1.536e-19
215.89	1.830e-19
215.94	2.211e-19
215.99	2.706e-19
216.04	3.295e-19
216.09	4.019e-19
216.14	4.855e-19
216.19	5.662e-19
216.24	6.268e-19
216.29	6.703e-19
216.34	6.813e-19
216.39	6.290e-19
216.44	5.538e-19
216.49	5.118e-19
216.54	4.888e-19
216.59	4.914e-19
216.64	5.757e-19
216.69	7.635e-19
216.74	9.488e-19
216.79	1.006e-18
216.84	9.268e-19
216.89	8.311e-19
216.94	7.872e-19
216.99	7.414e-19
217.04	6.715e-19
217.09	6.390e-19
217.14	6.332e-19
217.19	6.095e-19
217.24	5.688e-19
217.29	5.079e-19
217.34	4.398e-19
217.39	3.817e-19
217.44	3.319e-19
217.49	2.936e-19
217.54	2.547e-19
217.59	2.229e-19
217.64	1.959e-19
217.69	1.689e-19
217.74	1.486e-19
217.79	1.281e-19
217.84	1.069e-19
217.89	9.164e-20
217.94	8.054e-20
217.99	7.003e-20
218.04	6.081e-20
218.09	5.269e-20
218.14	4.620e-20
218.19	4.038e-20
218.24	3.620e-20
218.29	3.264e-20
218.34	2.878e-20
218.39	2.601e-20
218.44	2.388e-20
218.49	2.215e-20
218.54	2.056e-20
218.59	1.913e-20
218.64	1.731e-20
218.69	1.707e-20
218.74	1.626e-20
218.79	1.564e-20
218.84	1.455e-20
218.89	1.554e-20
218.94	1.447e-20
218.99	1.584e-20
219.04	1.416e-20
219.09	1.416e-20
219.14	1.402e-20
219.19	1.390e-20
219.24	1.415e-20
219.29	1.394e-20
219.34	1.425e-20
219.39	1.422e-20
219.44	1.444e-20
219.49	1.460e-20
219.54	1.482e-20
219.59	1.481e-20
219.64	1.505e-20
219.69	1.511e-20
219.74	1.522e-20
219.79	1.574e-20
219.84	1.590e-20
219.89	1.643e-20
219.94	1.700e-20
219.99	1.750e-20
220.04	1.853e-20
220.09	1.926e-20
220.14	2.062e-20
220.19	2.195e-20
220.24	2.424e-20
220.29	2.728e-20
220.34	3.144e-20
220.39	3.706e-20
220.44	4.476e-20
220.49	5.414e-20
220.54	6.574e-20
220.59	7.886e-20
220.64	9.264e-20
220.69	1.030e-19
220.74	1.093e-19
220.79	1.107e-19
220.84	1.039e-19
220.89	9.179e-20
220.94	8.191e-20
220.99	7.597e-20
221.04	7.056e-20
221.09	7.272e-20
221.14	8.843e-20
221.19	1.172e-19
221.24	1.397e-19
221.29	1.407e-19
221.34	1.303e-19
221.39	1.219e-19
221.44	1.153e-19
221.49	1.062e-19
221.54	9.290e-20
221.59	8.419e-20
221.64	7.923e-20
221.69	7.532e-20
221.74	6.859e-20
221.79	5.976e-20
221.84	5.256e-20
221.89	4.701e-20
221.94	4.171e-20
221.99	3.690e-20
222.04	3.280e-20
222.09	3.023e-20
222.14	2.712e-20
222.19	2.409e-20
222.24	2.152e-20
222.29	1.927e-20
222.34	1.747e-20
222.39	1.595e-20
222.44	1.476e-20
222.49	1.378e-20
222.54	1.291e-20
222.59	1.240e-20
222.64	1.153e-20
222.69	1.140e-20
222.74	1.075e-20
222.79	1.053e-20
222.84	9.789e-21
222.89	9.605e-21
222.94	9.588e-21
222.99	9.312e-21
223.04	9.249e-21
223.09	9.269e-21
223.14	9.159e-21
223.19	9.046e-21
223.24	9.027e-21
223.29	8.793e-21
223.34	8.618e-21
223.39	8.594e-21
223.44	8.636e-21
223.49	8.748e-21
223.54	8.836e-21
223.59	9.166e-21
223.64	9.696e-21
223.69	1.026e-20
223.74	1.126e-20
223.79	1.235e-20
223.84	1.369e-20
223.89	1.538e-20
223.94	1.651e-20
223.99	1.728e-20
224.04	1.756e-20
224.09	1.713e-20
224.14	1.609e-20
224.19	1.460e-20
224.24	1.337e-20
224.29	1.254e-20
224.34	1.208e-20
224.39	1.247e-20
224.44	1.445e-20
224.49	1.714e-20
224.54	1.897e-20
224.59	1.877e-20
224.64	1.765e-20
224.69	1.691e-20
224.74	1.592e-20
224.79	1.501e-20
224.84	1.387e-20
224.89	1.294e-20
224.94	1.228e-20
224.99	1.206e-20
225.04	1.120e-20
225.09	1.051e-20
225.14	9.721e-21
225.19	9.235e-21
225.24	8.729e-21
225.29	8.283e-21
225.34	7.893e-21
225.39	7.616e-21
225.44	7.226e-21
225.49	6.976e-21
225.54	6.800e-21
225.59	6.358e-21
225.64	6.289e-21
225.69	6.213e-21
225.74	6.280e-21
225.79	6.204e-21
225.84	6.145e-21
225.89	6.076e-21
225.94	6.049e-21
225.99	6.152e-21
226.04	5.974e-21
226.09	6.074e-21
226.14	5.761e-21
226.19	5.591e-21
226.24	5.633e-21
226.29	5.461e-21
226.34	5.391e-21
226.39	5.180e-21
226.44	5.096e-21
226.49	5.024e-21
226.54	5.073e-21
226.59	5.004e-21
226.64	4.913e-21
226.69	5.043e-21
226.74	5.034e-21
226.79	4.850e-21
226.84	4.827e-21
226.89	4.608e-21
226.94	4.867e-21
226.99	4.724e-21
227.04	4.838e-21
227.09	4.665e-21
227.14	4.555e-21
227.19	4.428e-21
227.24	4.480e-21
227.29	4.401e-21
227.34	4.207e-21
227.39	4.204e-21
227.44	4.258e-21
227.49	4.028e-21
227.54	3.941e-21