# 105-139 nm: H. Biehl and F. Stuhl, "Vacuum UV absorption and excitation spectra of N2H4", J. Photochem. Photobiol. A: Chem. 59, 135-142 (1991); DOI: 10.1016/1010-6030(91)87001-C
# 140-220 nm: G.L. Vaghjiani, "UV absorption cross sections, laser photodissociation product quantum yields, and reactions of H atoms with methyl hydrazines at 298 K", J. Phys. Chem. A 101, 4167-4171 (1997); DOI: 10.1021/jp964044z
# 221-290 nm: G.L. Vaghjiani, "Ultraviolet absorption cross sections for N2H4 vapor between 191-291 nm and H(2S) quantum yield in 248 nm photodissociation at 296 K", J. Chem. Phys. 98, 2123-2131 (1993); DOI: 10.1063/1.464190
105.058  2.720e-17
106.150  2.578e-17
106.842  2.409e-17
107.356  2.271e-17
108.253  2.126e-17
109.438  1.975e-17
110.902  1.803e-17
112.755  1.633e-17
116.251  1.463e-17
118.909  1.357e-17
121.391  1.289e-17
124.924  1.195e-17
129.712  1.095e-17
134.121  1.010e-17
137.368  9.227e-18
139.829  8.111e-18
140.40  5.83e-18
142.42  5.68e-18
144.44  5.63e-18
146.37  5.71e-18
148.31  5.94e-18
150.34  6.07e-18
152.36  6.16e-18
154.38  6.15e-18
156.48  6.04e-18
158.50  5.89e-18
160.52  5.79e-18
162.54  5.83e-18
164.56  6.06e-18
166.50  6.35e-18
168.53  6.54e-18
170.55  6.43e-18
172.56  6.22e-18
174.49  5.78e-18
176.34  5.28e-18
178.18  4.79e-18
180.11  4.46e-18
182.13  4.24e-18
184.15  4.13e-18
186.17  4.19e-18
188.11  4.29e-18
190.13  4.42e-18
192.15  4.49e-18
194.00  4.52e-18
196.02  4.40e-18
197.87  4.06e-18
199.80  3.77e-18
201.56  3.48e-18
203.40  3.21e-18
205.25  2.96e-18
207.01  2.75e-18
208.86  2.55e-18
210.79  2.37e-18
212.55  2.20e-18
214.39  2.03e-18
216.57  1.83e-18
217.99  1.66e-18
219.59  1.51e-18
220.0	1.566e-18
220.2	1.549e-18
220.4	1.517e-18
220.6	1.514e-18
220.8	1.489e-18
221.0	1.463e-18
221.2	1.447e-18
221.4	1.418e-18
221.6	1.408e-18
221.8	1.394e-18
222.0	1.363e-18
222.2	1.343e-18
222.4	1.326e-18
222.6	1.293e-18
222.8	1.258e-18
223.0	1.234e-18
223.2	1.200e-18
223.4	1.190e-18
223.6	1.176e-18
223.8	1.148e-18
224.0	1.129e-18
224.2	1.124e-18
224.4	1.096e-18
224.6	1.086e-18
224.8	1.069e-18
225.0	1.047e-18
225.2	1.016e-18
225.4	9.803e-19
225.6	9.648e-19
225.8	9.424e-19
226.0	9.204e-19
226.2	9.046e-19
226.4	8.880e-19
226.6	8.865e-19
226.8	8.764e-19
227.0	8.555e-19
227.2	8.351e-19
227.4	8.165e-19
227.6	7.993e-19
227.8	7.636e-19
228.0	7.503e-19
228.2	7.291e-19
228.4	7.158e-19
228.6	7.015e-19
228.8	6.847e-19
229.0	6.792e-19
229.2	6.733e-19
229.4	6.541e-19
229.6	6.392e-19
229.8	6.347e-19
230.0	6.224e-19
230.2	5.971e-19
230.4	5.788e-19
230.6	5.620e-19
230.8	5.466e-19
231.0	5.301e-19
231.2	5.158e-19
231.4	5.031e-19
231.6	4.950e-19
231.8	4.844e-19
232.0	4.759e-19
232.2	4.711e-19
232.4	4.593e-19
232.6	4.502e-19
232.8	4.388e-19
233.0	4.305e-19
233.2	4.173e-19
233.4	4.084e-19
233.6	3.894e-19
233.8	3.808e-19
234.0	3.705e-19
234.2	3.616e-19
234.4	3.498e-19
234.6	3.439e-19
234.8	3.363e-19
235.0	3.258e-19
235.2	3.228e-19
235.4	3.178e-19
235.6	3.093e-19
235.8	3.034e-19
236.0	2.892e-19
236.2	2.847e-19
236.4	2.774e-19
236.6	2.667e-19
236.8	2.630e-19
237.0	2.521e-19
237.2	2.461e-19
237.4	2.397e-19
237.6	2.341e-19
237.8	2.273e-19
238.0	2.222e-19
238.2	2.172e-19
238.4	2.126e-19
238.6	2.081e-19
238.8	2.036e-19
239.0	2.000e-19
239.2	1.958e-19
239.4	1.907e-19
239.6	1.846e-19
239.8	1.783e-19
240.0	1.737e-19
240.2	1.687e-19
240.4	1.635e-19
240.6	1.593e-19
240.8	1.556e-19
241.0	1.519e-19
241.2	1.480e-19
241.4	1.434e-19
241.6	1.398e-19
241.8	1.366e-19
242.0	1.338e-19
242.2	1.315e-19
242.4	1.286e-19
242.6	1.254e-19
242.8	1.223e-19
243.0	1.193e-19
243.2	1.156e-19
243.4	1.117e-19
243.6	1.083e-19
243.8	1.056e-19
244.0	1.033e-19
244.2	1.006e-19
244.4	9.787e-20
244.6	9.558e-20
244.8	9.289e-20
245.0	8.980e-20
245.2	8.727e-20
245.4	8.548e-20
245.6	8.397e-20
245.8	8.172e-20
246.0	7.975e-20
246.2	7.806e-20
246.4	7.648e-20
246.6	7.437e-20
246.8	7.213e-20
247.0	7.023e-20
247.2	6.795e-20
247.4	6.630e-20
247.6	6.469e-20
247.8	6.324e-20
248.0	6.128e-20
248.2	5.948e-20
248.4	5.816e-20
248.6	5.677e-20
248.8	5.470e-20
249.0	5.260e-20
249.2	5.152e-20
249.4	5.058e-20
249.6	4.938e-20
249.8	4.833e-20
250.0	4.693e-20
250.2	4.504e-20
250.4	4.489e-20
250.6	4.399e-20
250.8	4.277e-20
251.0	4.144e-20
251.2	4.053e-20
251.4	3.927e-20
251.6	3.829e-20
251.8	3.745e-20
252.0	3.621e-20
252.2	3.505e-20
252.4	3.423e-20
252.6	3.321e-20
252.8	3.196e-20
253.0	3.081e-20
253.2	3.002e-20
253.4	2.938e-20
253.6	2.883e-20
253.8	2.825e-20
254.0	2.759e-20
254.2	2.726e-20
254.4	2.677e-20
254.6	2.588e-20
254.8	2.514e-20
255.0	2.444e-20
255.2	2.375e-20
255.4	2.310e-20
255.6	2.242e-20
255.8	2.166e-20
256.0	2.083e-20
256.2	2.017e-20
256.4	1.964e-20
256.6	1.886e-20
256.8	1.808e-20
257.0	1.738e-20
257.2	1.698e-20
257.4	1.668e-20
257.6	1.613e-20
257.8	1.571e-20
258.0	1.556e-20
258.2	1.536e-20
258.4	1.503e-20
258.6	1.460e-20
258.8	1.424e-20
259.0	1.372e-20
259.2	1.332e-20
259.4	1.295e-20
259.6	1.256e-20
259.8	1.211e-20
260.0	1.163e-20
260.2	1.110e-20
260.4	1.079e-20
260.6	1.038e-20
260.8	9.961e-21
261.0	9.573e-21
261.2	9.303e-21
261.4	9.120e-21
261.6	8.843e-21
261.8	8.684e-21
262.0	8.630e-21
262.2	8.577e-21
262.4	8.406e-21
262.6	8.169e-21
262.8	7.963e-21
263.0	7.765e-21
263.2	7.518e-21
263.4	7.217e-21
263.6	6.929e-21
263.8	6.694e-21
264.0	6.478e-21
264.2	6.192e-21
264.4	5.930e-21
264.6	5.729e-21
264.8	5.533e-21
265.0	5.309e-21
265.2	5.132e-21
265.4	4.942e-21
265.6	4.825e-21
265.8	4.704e-21
266.0	4.647e-21
266.2	4.603e-21
266.4	4.602e-21
266.6	4.484e-21
266.8	4.417e-21
267.0	4.343e-21
267.2	4.217e-21
267.4	4.056e-21
267.6	3.896e-21
267.8	3.748e-21
268.0	3.598e-21
268.2	3.492e-21
268.4	3.326e-21
268.6	3.189e-21
268.8	3.041e-21
269.0	2.935e-21
269.2	2.829e-21
269.4	2.756e-21
269.6	2.668e-21
269.8	2.553e-21
270.0	2.487e-21
270.2	2.424e-21
270.4	2.367e-21
270.6	2.358e-21
270.8	2.337e-21
271.0	2.328e-21
271.2	2.313e-21
271.4	2.265e-21
271.6	2.181e-21
271.8	2.135e-21
272.0	2.057e-21
272.2	1.962e-21
272.4	1.885e-21
272.6	1.801e-21
272.8	1.744e-21
273.0	1.684e-21
273.2	1.628e-21
273.4	1.567e-21
273.6	1.495e-21
273.8	1.437e-21
274.0	1.401e-21
274.2	1.367e-21
274.4	1.325e-21
274.6	1.270e-21
274.8	1.242e-21
275.0	1.212e-21
275.2	1.205e-21
275.4	1.209e-21
275.6	1.225e-21
275.8	1.197e-21
276.0	1.157e-21
276.2	1.129e-21
276.4	1.082e-21
276.6	1.062e-21
276.8	1.052e-21
277.0	1.004e-21
277.2	9.416e-22
277.4	9.173e-22
277.6	8.858e-22
277.8	8.372e-22
278.0	8.275e-22
278.2	7.767e-22
278.4	7.617e-22
278.6	7.411e-22
278.8	7.190e-22
279.0	7.035e-22
279.2	6.797e-22
279.4	6.675e-22
279.6	6.584e-22
279.8	6.221e-22
280.0	6.301e-22
280.2	6.403e-22
280.4	6.460e-22
280.6	6.352e-22
280.8	6.076e-22
281.0	5.829e-22
281.2	5.629e-22
281.4	5.532e-22
281.6	5.380e-22
281.8	5.207e-22
282.0	5.033e-22
282.2	4.775e-22
282.4	4.451e-22
282.6	4.418e-22
282.8	4.300e-22
283.0	4.299e-22
283.2	4.197e-22
283.4	4.057e-22
283.6	3.936e-22
283.8	3.804e-22
284.0	3.663e-22
284.2	3.675e-22
284.4	3.621e-22
284.6	3.343e-22
284.8	3.285e-22
285.0	3.419e-22
285.2	3.412e-22
285.4	3.240e-22
285.6	3.176e-22
285.8	3.095e-22
286.0	3.022e-22
286.2	2.954e-22
286.4	2.839e-22
286.6	2.726e-22
286.8	2.483e-22
287.0	2.518e-22
287.2	2.412e-22
287.4	2.250e-22
287.6	2.354e-22
287.8	2.175e-22
288.0	2.157e-22
288.2	2.144e-22
288.4	2.135e-22
288.6	2.004e-22
288.8	2.078e-22
289.0	1.892e-22
289.2	1.919e-22
289.4	1.803e-22
289.6	1.853e-22
289.8	1.802e-22
290.0	1.734e-22
290.2	1.652e-22
290.4	1.553e-22
290.6	1.474e-22
290.8	1.621e-22
291.0	1.351e-22