   200.00000000000000        150.00000000000000     
   220.00000000000000        154.51440267956832     
   240.00000000000000        164.68597159624414     
   260.00000000000000        185.03862597765374     
   280.00000000000000        224.71831707196850     
   300.00000000000000        262.76806015930265     
   320.00000000000000        300.09957831075485     
   340.00000000000000        335.58036349184408     
   360.00000000000000        370.48408287356312     
   380.00000000000000        403.89281850574707     
   400.00000000000000        436.69875562144216     
   420.00000000000000        468.22961425521817     
   440.00000000000000        499.18153863888278     
   460.00000000000000        527.99439609842614     
   480.00000000000000        556.80725355796949     
   500.00000000000000        583.09154749791492     
   520.00000000000000        609.26360754795678     
   540.00000000000000        634.02546922849251     
   560.00000000000000        657.67706749210743     
   580.00000000000000        681.26538447304165     
   600.00000000000000        702.43536380800310     
   620.00000000000000        723.60534314296456     
   640.00000000000000        743.80981033831222     
   660.00000000000000        762.32728379521336     
   680.00000000000000        780.84475725211450     
   700.00000000000000        797.46441350764417     
   720.00000000000000        812.74052539089644     
   740.00000000000000        828.01663727414871     
   760.00000000000000        840.04247495762729     
   780.00000000000000        850.72455970338979     
   800.00000000000000        861.40664444915274     
   820.00000000000000        868.87196168364812     
   840.00000000000000        875.30748865876058     
   860.00000000000000        881.74301563387348     
   880.00000000000000        886.54960310949400     
   900.00000000000000        890.85301032087341     
   920.00000000000000        895.15641753225282     
   940.00000000000000        898.66316458128085     
   960.00000000000000        901.89145686371103     
   980.00000000000000        905.11974914614143     
   1000.0000000000000        907.81998123162361     
   1020.0000000000000        909.97732968448599     
   1040.0000000000000        912.13467813734815     
   1060.0000000000000        914.29202659021075     
   1080.0000000000000        916.44937504307268     
   1100.0000000000000        918.60672349593506     
   1120.0000000000000        919.96299646665102     
   1140.0000000000000        921.31926943736698     
   1160.0000000000000        922.67554240808295     
   1180.0000000000000        924.03181537879868     
   1200.0000000000000        925.38808834951465     
   1220.0000000000000        926.28179712083556     
   1240.0000000000000        927.17550589215648     
   1260.0000000000000        928.06921466347740     
   1280.0000000000000        928.96292343479854     
   1300.0000000000000        929.85663220611946     
   1320.0000000000000        930.45909871175536     
   1340.0000000000000        931.06156521739149     
   1360.0000000000000        931.66403172302762     
   1380.0000000000000        932.26649822866375     
   1400.0000000000000        932.86896473429988     
   1420.0000000000000        933.29333352377421     
   1440.0000000000000        933.71770231324876     
   1460.0000000000000        934.14207110272332     
   1480.0000000000000        934.56643989219765     
   1500.0000000000000        934.99080868167221     
   1520.0000000000000        935.25722238675007     
   1540.0000000000000        935.52363609182839     
   1560.0000000000000        935.79004979690626     
   1580.0000000000000        936.05646350198458     
   1600.0000000000000        936.32287720706267     
   1620.0000000000000        936.45907752808989     
   1640.0000000000000        936.59527784911734     
   1660.0000000000000        936.73147817014433     
   1680.0000000000000        936.86767849117200     
   1700.0000000000000        937.00387881219922     
   1720.0000000000000        937.06275158908511     
   1740.0000000000000        937.12162436597123     
   1760.0000000000000        937.18049714285735     
   1780.0000000000000        937.23936991974324     
   1800.0000000000000        937.29824269662936     
   1820.0000000000000        937.30851415730331     
   1840.0000000000000        937.31878561797748     
   1860.0000000000000        937.32905707865189     
   1880.0000000000000        937.33932853932583     
   1900.0000000000000        937.34960000000024     
   1920.0000000000000        937.34960000000024     
   1940.0000000000000        937.34960000000024     
   1960.0000000000000        937.34960000000024     
   1980.0000000000000        937.34960000000024     
   2000.0000000000000        937.34960000000024     
   2020.0000000000000        937.34960000000024     
   2040.0000000000000        937.34960000000024     
   2060.0000000000000        937.34960000000024     
   2080.0000000000000        937.34960000000024     
   2100.0000000000000        937.34960000000024     
   2120.0000000000000        937.34960000000024     
   2140.0000000000000        937.34960000000024     
   2160.0000000000000        937.34960000000024     
   2180.0000000000000        937.34960000000024     
   2200.0000000000000        937.34960000000024     
   2220.0000000000000        937.34960000000024     
   2240.0000000000000        937.34960000000024     
   2260.0000000000000        937.34960000000024     
   2280.0000000000000        937.34960000000024     
   2300.0000000000000        937.34960000000024     
   2320.0000000000000        937.34960000000024     
   2340.0000000000000        937.34960000000024     
   2360.0000000000000        937.34960000000024     
   2380.0000000000000        937.34960000000024     
   2400.0000000000000        937.34960000000024     
   2420.0000000000000        937.34960000000024     
   2440.0000000000000        937.34960000000024     
   2460.0000000000000        937.34960000000024     
   2480.0000000000000        937.34960000000024     
   2500.0000000000000        937.34960000000024     
   2520.0000000000000        937.34960000000024     
   2540.0000000000000        937.34960000000024     
   2560.0000000000000        937.34960000000024     
   2580.0000000000000        937.34960000000024     
   2600.0000000000000        937.34960000000024     
   2620.0000000000000        937.34960000000024     
   2640.0000000000000        937.34960000000024     
   2660.0000000000000        937.34960000000024     
   2680.0000000000000        937.34960000000024     
   2700.0000000000000        937.34960000000024     
   2720.0000000000000        937.34960000000024     
   2740.0000000000000        937.34960000000024     
   2760.0000000000000        937.34960000000024     
   2780.0000000000000        937.34960000000024     
   2800.0000000000000        937.34960000000024     
   2820.0000000000000        937.34960000000024     
   2840.0000000000000        937.34960000000024     
   2860.0000000000000        937.34960000000024     
   2880.0000000000000        937.34960000000024     
   2900.0000000000000        937.34960000000024     
   2920.0000000000000        937.34960000000024     
   2940.0000000000000        937.34960000000024     
   2960.0000000000000        937.34960000000024     
   2980.0000000000000        937.34960000000024     
   3000.0000000000000        937.34960000000024     
