   200.000 0.533E-17
   220.000 0.198E-17
   240.000 0.708E-18
   260.000 0.239E-18
   280.000 0.588E-11
   300.000 0.203E-06
   320.000 0.999E-05
   340.000 0.216E-04
   360.000 0.906E-05
   380.000 0.173E-05
   400.000 0.276E-06
   420.000 0.430E-07
   440.000 0.697E-08
   460.000 0.120E-08
   480.000 0.218E-09
   500.000 0.417E-10
   520.000 0.880E-11
   540.000 0.192E-11
   560.000 0.451E-12
   580.000 0.112E-12
   600.000 0.298E-13
   620.000 0.864E-14
   640.000 0.272E-14
   660.000 0.929E-15
   680.000 0.339E-15
   700.000 0.128E-15
   720.000 0.494E-16
   740.000 0.190E-16
   760.000 0.743E-17
   780.000 0.285E-17
   800.000 0.110E-17
   820.000 0.420E-18
   840.000 0.160E-18
   860.000 0.613E-19
   880.000 0.233E-19
   900.000 0.899E-20
   920.000 0.345E-20
   940.000 0.133E-20
   960.000 0.513E-21
   980.000 0.196E-21
  1000.000 0.748E-22
  1020.000 0.282E-22
  1040.000 0.106E-22
  1060.000 0.394E-23
  1080.000 0.146E-23
  1100.000 0.535E-24
  1120.000 0.195E-24
  1140.000 0.709E-25
  1160.000 0.257E-25
  1180.000 0.930E-26
  1200.000 0.337E-26
  1220.000 0.123E-26
  1240.000 0.450E-27
  1260.000 0.166E-27
  1280.000 0.614E-28
  1300.000 0.228E-28
  1320.000 0.854E-29
  1340.000 0.319E-29
  1360.000 0.119E-29
  1380.000 0.441E-30
  1400.000 0.162E-30
  1420.000 0.594E-31
  1440.000 0.216E-31
  1460.000 0.776E-32
  1480.000 0.277E-32
  1500.000 0.983E-33
  1520.000 0.346E-33
  1540.000 0.121E-33
  1560.000 0.421E-34
  1580.000 0.146E-34
  1600.000 0.501E-35
  1620.000 0.172E-35
  1640.000 0.586E-36
  1660.000 0.199E-36
  1680.000 0.675E-37
  1700.000 0.421E-37
  1720.000 0.378E-37
  1740.000 0.338E-37
  1760.000 0.302E-37
  1780.000 0.269E-37
  1800.000 0.240E-37
  1820.000 0.213E-37
  1840.000 0.189E-37
  1860.000 0.168E-37
  1880.000 0.149E-37
  1900.000 0.132E-37
  1920.000 0.116E-37
  1940.000 0.103E-37
  1960.000 0.910E-38
  1980.000 0.803E-38
  2000.000 0.709E-38
  2020.000 0.625E-38
  2040.000 0.552E-38
  2060.000 0.486E-38
  2080.000 0.429E-38
  2100.000 0.378E-38
  2120.000 0.333E-38
  2140.000 0.293E-38
  2160.000 0.258E-38
  2180.000 0.227E-38
  2200.000 0.200E-38
  2220.000 0.176E-38
  2240.000 0.155E-38
  2260.000 0.137E-38
  2280.000 0.120E-38
  2300.000 0.106E-38
  2320.000 0.930E-39
  2340.000 0.819E-39
  2360.000 0.720E-39
  2380.000 0.634E-39
  2400.000 0.558E-39
  2420.000 0.491E-39
  2440.000 0.432E-39
  2460.000 0.380E-39
  2480.000 0.334E-39
  2500.000 0.294E-39
  2520.000 0.259E-39
  2540.000 0.228E-39
  2560.000 0.200E-39
  2580.000 0.176E-39
  2600.000 0.155E-39
  2620.000 0.136E-39
  2640.000 0.120E-39
  2660.000 0.105E-39
  2680.000 0.928E-40
  2700.000 0.816E-40
  2720.000 0.718E-40
  2740.000 0.631E-40
  2760.000 0.555E-40
  2780.000 0.489E-40
  2800.000 0.430E-40
  2820.000 0.378E-40
  2840.000 0.333E-40
  2860.000 0.293E-40
  2880.000 0.257E-40
  2900.000 0.226E-40
  2920.000 0.199E-40
  2940.000 0.175E-40
  2960.000 0.154E-40
  2980.000 0.136E-40
  3000.000 0.119E-40
