   200.000 0.969E-17
   220.000 0.360E-17
   240.000 0.131E-17
   260.000 0.392E-09
   280.000 0.787E-06
   300.000 0.523E-05
   320.000 0.741E-06
   340.000 0.359E-08
   360.000 0.294E-11
   380.000 0.122E-13
   400.000 0.439E-16
   420.000 0.187E-18
   440.000 0.111E-20
   460.000 0.907E-23
   480.000 0.954E-25
   500.000 0.128E-26
   520.000 0.342E-28
   540.000 0.344E-29
   560.000 0.762E-30
   580.000 0.194E-30
   600.000 0.520E-31
   620.000 0.146E-31
   640.000 0.419E-32
   660.000 0.124E-32
   680.000 0.378E-33
   700.000 0.117E-33
   720.000 0.370E-34
   740.000 0.118E-34
   760.000 0.387E-35
   780.000 0.127E-35
   800.000 0.427E-36
   820.000 0.144E-36
   840.000 0.491E-37
   860.000 0.169E-37
   880.000 0.585E-38
   900.000 0.205E-38
   920.000 0.721E-39
   940.000 0.255E-39
   960.000 0.908E-40
   980.000 0.324E-40
  1000.000 0.116E-40
  1020.000 0.415E-41
  1040.000 0.150E-41
  1060.000 0.544E-42
  1080.000 0.198E-42
  1100.000 0.724E-43
  1120.000 0.265E-43
  1140.000 0.973E-44
  1160.000 0.359E-44
  1180.000 0.132E-44
  1200.000 0.490E-45
  1220.000 0.182E-45
  1240.000 0.674E-46
  1260.000 0.251E-46
  1280.000 0.932E-47
  1300.000 0.347E-47
  1320.000 0.130E-47
  1340.000 0.487E-48
  1360.000 0.183E-48
  1380.000 0.686E-49
  1400.000 0.258E-49
  1420.000 0.969E-50
  1440.000 0.364E-50
  1460.000 0.137E-50
  1480.000 0.514E-51
  1500.000 0.193E-51
  1520.000 0.725E-52
  1540.000 0.273E-52
  1560.000 0.102E-52
  1580.000 0.385E-53
  1600.000 0.145E-53
  1620.000 0.543E-54
  1640.000 0.204E-54
  1660.000 0.767E-55
  1680.000 0.288E-55
  1700.000 0.200E-55
  1720.000 0.200E-55
  1740.000 0.200E-55
  1760.000 0.200E-55
  1780.000 0.200E-55
  1800.000 0.200E-55
  1820.000 0.200E-55
  1840.000 0.200E-55
  1860.000 0.200E-55
  1880.000 0.200E-55
  1900.000 0.200E-55
  1920.000 0.200E-55
  1940.000 0.200E-55
  1960.000 0.200E-55
  1980.000 0.200E-55
  2000.000 0.200E-55
  2020.000 0.200E-55
  2040.000 0.200E-55
  2060.000 0.200E-55
  2080.000 0.200E-55
  2100.000 0.200E-55
  2120.000 0.200E-55
  2140.000 0.200E-55
  2160.000 0.200E-55
  2180.000 0.200E-55
  2200.000 0.200E-55
  2220.000 0.200E-55
  2240.000 0.200E-55
  2260.000 0.200E-55
  2280.000 0.200E-55
  2300.000 0.200E-55
  2320.000 0.200E-55
  2340.000 0.200E-55
  2360.000 0.200E-55
  2380.000 0.200E-55
  2400.000 0.200E-55
  2420.000 0.200E-55
  2440.000 0.200E-55
  2460.000 0.200E-55
  2480.000 0.200E-55
  2500.000 0.200E-55
  2520.000 0.200E-55
  2540.000 0.200E-55
  2560.000 0.200E-55
  2580.000 0.200E-55
  2600.000 0.200E-55
  2620.000 0.200E-55
  2640.000 0.200E-55
  2660.000 0.200E-55
  2680.000 0.200E-55
  2700.000 0.200E-55
  2720.000 0.200E-55
  2740.000 0.200E-55
  2760.000 0.200E-55
  2780.000 0.200E-55
  2800.000 0.200E-55
  2820.000 0.200E-55
  2840.000 0.200E-55
  2860.000 0.200E-55
  2880.000 0.200E-55
  2900.000 0.200E-55
  2920.000 0.200E-55
  2940.000 0.200E-55
  2960.000 0.200E-55
  2980.000 0.200E-55
  3000.000 0.200E-55
