   200.000 0.825E-22
   220.000 0.512E-22
   240.000 0.405E-22
   260.000 0.284E-22
   280.000 0.782E-14
   300.000 0.101E-08
   320.000 0.712E-07
   340.000 0.243E-07
   360.000 0.546E-09
   380.000 0.366E-10
   400.000 0.128E-11
   420.000 0.376E-13
   440.000 0.122E-14
   460.000 0.463E-16
   480.000 0.203E-17
   500.000 0.101E-18
   520.000 0.599E-20
   540.000 0.382E-21
   560.000 0.277E-22
   580.000 0.216E-23
   600.000 0.184E-24
   620.000 0.172E-25
   640.000 0.175E-26
   660.000 0.195E-27
   680.000 0.237E-28
   700.000 0.305E-29
   720.000 0.420E-30
   740.000 0.588E-31
   760.000 0.864E-32
   780.000 0.126E-32
   800.000 0.182E-33
   820.000 0.260E-34
   840.000 0.368E-35
   860.000 0.518E-36
   880.000 0.723E-37
   900.000 0.101E-37
   920.000 0.139E-38
   940.000 0.197E-39
   960.000 0.188E-39
   980.000 0.178E-39
  1000.000 0.167E-39
  1020.000 0.156E-39
  1040.000 0.144E-39
  1060.000 0.132E-39
  1080.000 0.120E-39
  1100.000 0.108E-39
  1120.000 0.958E-40
  1140.000 0.845E-40
  1160.000 0.739E-40
  1180.000 0.642E-40
  1200.000 0.553E-40
  1220.000 0.474E-40
  1240.000 0.403E-40
  1260.000 0.341E-40
  1280.000 0.287E-40
  1300.000 0.241E-40
  1320.000 0.201E-40
  1340.000 0.167E-40
  1360.000 0.138E-40
  1380.000 0.114E-40
  1400.000 0.936E-41
  1420.000 0.768E-41
  1440.000 0.628E-41
  1460.000 0.512E-41
  1480.000 0.417E-41
  1500.000 0.339E-41
  1520.000 0.275E-41
  1540.000 0.223E-41
  1560.000 0.180E-41
  1580.000 0.146E-41
  1600.000 0.118E-41
  1620.000 0.950E-42
  1640.000 0.766E-42
  1660.000 0.617E-42
  1680.000 0.496E-42
  1700.000 0.399E-42
  1720.000 0.321E-42
  1740.000 0.258E-42
  1760.000 0.207E-42
  1780.000 0.166E-42
  1800.000 0.134E-42
  1820.000 0.107E-42
  1840.000 0.860E-43
  1860.000 0.690E-43
  1880.000 0.553E-43
  1900.000 0.444E-43
  1920.000 0.356E-43
  1940.000 0.285E-43
  1960.000 0.228E-43
  1980.000 0.183E-43
  2000.000 0.147E-43
  2020.000 0.118E-43
  2040.000 0.942E-44
  2060.000 0.755E-44
  2080.000 0.605E-44
  2100.000 0.485E-44
  2120.000 0.388E-44
  2140.000 0.311E-44
  2160.000 0.249E-44
  2180.000 0.200E-44
  2200.000 0.160E-44
  2220.000 0.128E-44
  2240.000 0.103E-44
  2260.000 0.822E-45
  2280.000 0.658E-45
  2300.000 0.527E-45
  2320.000 0.422E-45
  2340.000 0.338E-45
  2360.000 0.271E-45
  2380.000 0.217E-45
  2400.000 0.174E-45
  2420.000 0.139E-45
  2440.000 0.112E-45
  2460.000 0.894E-46
  2480.000 0.716E-46
  2500.000 0.573E-46
  2520.000 0.459E-46
  2540.000 0.368E-46
  2560.000 0.295E-46
  2580.000 0.236E-46
  2600.000 0.189E-46
  2620.000 0.151E-46
  2640.000 0.121E-46
  2660.000 0.972E-47
  2680.000 0.778E-47
  2700.000 0.623E-47
  2720.000 0.499E-47
  2740.000 0.400E-47
  2760.000 0.320E-47
  2780.000 0.257E-47
  2800.000 0.206E-47
  2820.000 0.165E-47
  2840.000 0.132E-47
  2860.000 0.106E-47
  2880.000 0.847E-48
  2900.000 0.678E-48
  2920.000 0.544E-48
  2940.000 0.435E-48
  2960.000 0.349E-48
  2980.000 0.279E-48
  3000.000 0.224E-48
