#121.60  1.00e-18
#130.00  1.00e-18
#135.00  1.00e-18
#140.00  1.00e-18
#145.00  1.00e-18
#150.00  1.00e-18
#155.00  1.00e-18
#160.00  1.00e-18
#165.00  1.00e-18
#170.00  1.00e-18
#175.40  1.00e-18
#177.00  1.00e-18
#178.60  1.00e-18
#180.20  1.00e-18
#181.80  1.00e-18
#183.50  1.00e-18
#185.20  2.26e-18
#186.90  4.36e-18
#188.70  6.52e-18
#190.90	9.48e-18
190.94	1.18e-17
190.98	1.10e-17
191.04	8.55e-18
191.13	1.11e-17
191.24	1.00e-17
191.33	7.91e-18
191.42	1.02e-17
191.54	1.09e-17
191.59	1.17e-17
191.69	9.58e-18
191.73	1.12e-17
191.84	1.07e-17
191.91	9.29e-18
192.00	1.08e-17
192.02	1.00e-17
192.03	1.19e-17
192.10	1.25e-17
192.19	1.32e-17
192.20	1.14e-17
192.26	1.07e-17
192.32	9.18e-18
192.45	1.07e-17
192.50	1.30e-17
192.60	1.05e-17
192.64	9.47e-18
192.68	8.61e-18
192.82	8.00e-18
192.86	6.46e-18
192.95	9.32e-18
192.98	1.24e-17
193.07	9.49e-18
193.10	1.12e-17
193.14	1.26e-17
193.30	1.15e-17
193.39	7.40e-18
193.40	1.01e-17
193.47	1.21e-17
193.53	1.39e-17
193.69	1.15e-17
193.75	1.02e-17
193.86	7.94e-18
193.93	8.44e-18
194.06	8.63e-18
194.08	8.99e-18
194.10	1.07e-17
194.14	1.20e-17
194.25	1.12e-17
194.34	1.09e-17
194.35	1.01e-17
194.46	9.74e-18
194.60	8.99e-18
194.63	1.07e-17
194.71	7.21e-18
194.81	9.99e-18
194.83	1.25e-17
194.84	1.30e-17
194.91	1.39e-17
194.96	1.50e-17
195.04	1.59e-17
195.08	1.36e-17
195.21	1.15e-17
195.39	1.02e-17
195.42	1.28e-17
195.47	1.51e-17
195.60	1.54e-17
195.66	1.33e-17
195.71	1.14e-17
195.83	1.01e-17
195.94	1.07e-17
196.02	1.16e-17
196.10	1.34e-17
196.15	1.40e-17
196.27	1.49e-17
196.35	1.43e-17
196.41	1.28e-17
196.61	1.23e-17
196.79	1.16e-17
196.91	1.21e-17
196.98	1.44e-17
197.06	1.69e-17
197.19	1.45e-17
197.21	1.28e-17
197.30	1.25e-17
197.41	1.29e-17
197.45	1.12e-17
197.52	1.01e-17
197.63	9.37e-18
197.65	1.05e-17
197.71	1.25e-17
197.74	1.42e-17
197.77	1.67e-17
197.84	1.72e-17
197.92	1.60e-17
198.01	1.54e-17
198.21	1.44e-17
198.32	1.32e-17
198.43	1.05e-17
198.50	1.20e-17
198.58	1.44e-17
198.63	1.60e-17
198.68	1.77e-17
198.74	1.64e-17
198.90	1.58e-17
198.98	1.42e-17
199.05	1.17e-17
199.17	1.76e-17
199.23	1.46e-17
199.24	1.11e-17
199.37	8.36e-18
199.52	7.81e-18
199.64	9.39e-18
199.76	1.09e-17
199.81	1.32e-17
199.84	1.61e-17
199.86	2.16e-17
199.92	2.69e-17
200.08	2.16e-17
200.21	1.61e-17
200.28	1.29e-17
200.31	1.12e-17
200.42	9.81e-18
200.44	5.10e-18
200.52	7.53e-18
200.54	9.31e-18
200.64	1.09e-17
200.74	9.17e-18
200.79	6.91e-18
200.95	7.91e-18
201.02	6.82e-18
201.08	5.90e-18
201.17	7.43e-18
201.28	8.67e-18
201.35	9.92e-18
201.39	1.10e-17
201.43	1.34e-17
201.49	1.64e-17
201.53	2.13e-17
201.63	2.65e-17
201.77	2.13e-17
201.88	1.62e-17
202.02	1.33e-17
202.07	1.08e-17
202.18	9.45e-18
202.25	1.07e-17
202.36	9.66e-18
202.43	8.20e-18
202.51	6.16e-18
202.56	7.54e-18
202.64	6.52e-18
202.79	6.00e-18
202.88	6.43e-18
202.96	7.26e-18
203.04	6.07e-18
203.13	5.42e-18
203.23	6.63e-18
203.28	8.17e-18
203.33	1.12e-17
203.39	1.55e-17
203.41	1.93e-17
203.43	2.29e-17
203.57	2.61e-17
203.71	2.28e-17
203.81	1.93e-17
203.89	1.55e-17
204.07	1.11e-17
204.18	8.37e-18
204.28	7.12e-18
204.40	5.90e-18
204.66	5.07e-18
204.78	4.43e-18
204.96	3.12e-18
205.01	5.16e-18
205.07	6.84e-18
205.17	3.93e-18
205.24	6.03e-18
205.26	8.00e-18
205.31	9.93e-18
205.36	1.41e-17
205.36	1.85e-17
205.40	2.24e-17
205.49	2.63e-17
205.58	2.24e-17
205.69	1.83e-17
205.78	1.40e-17
205.87	9.99e-18
205.98	9.29e-18
206.04	8.15e-18
206.22	6.71e-18
206.32	5.65e-18
206.46	4.56e-18
206.62	3.36e-18
206.71	4.41e-18
206.73	6.26e-18
206.84	8.54e-18
206.85	8.49e-18
206.88	4.18e-18
206.92	2.28e-18
207.05	2.83e-18
207.11	2.49e-18
207.28	3.20e-18
207.40	4.29e-18
207.44	7.49e-18
207.48	1.06e-17
207.50	1.38e-17
207.54	1.80e-17
207.56	2.06e-17
207.60	2.50e-17
207.73	2.05e-17
207.77	1.79e-17
207.91	1.37e-17
208.01	1.06e-17
208.12	9.35e-18
208.22	7.63e-18
208.27	9.17e-18
208.40	1.18e-17
208.42	1.09e-17
208.42	6.68e-18
208.52	5.62e-18
208.57	4.10e-18
208.61	2.32e-18
208.70	4.47e-18
208.80	3.24e-18
208.88	3.84e-18
208.98	3.20e-18
209.01	2.20e-18
209.20	2.56e-18
209.42	1.77e-18
209.49	2.50e-18
209.58	3.31e-18
209.64	5.29e-18
209.68	7.77e-18
209.71	1.06e-17
209.73	1.35e-17
209.78	1.76e-17
209.83	2.19e-17
209.92	1.73e-17
209.94	1.48e-17
209.97	1.03e-17
210.02	1.35e-17
210.13	1.58e-17
210.16	1.33e-17
210.21	1.17e-17
210.29	1.05e-17
210.40	8.87e-18
210.46	6.60e-18
210.59	5.06e-18
210.71	3.95e-18
210.80	4.97e-18
210.87	3.41e-18
210.95	2.34e-18
211.09	1.68e-18
211.30	1.21e-18
211.50	1.87e-18
211.63	2.86e-18
211.70	3.55e-18
211.72	5.22e-18
211.77	7.39e-18
211.84	5.15e-18
211.85	3.80e-18
211.95	2.84e-18
212.00	5.66e-18
212.06	7.18e-18
212.07	9.98e-18
212.11	1.31e-17
212.12	1.60e-17
212.17	2.05e-17
212.35	1.60e-17
212.43	1.30e-17
212.56	1.01e-17
212.63	7.81e-18
212.83	6.32e-18
212.95	5.18e-18
213.02	4.01e-18
213.15	3.10e-18
213.37	2.49e-18
213.41	3.15e-18
213.56	4.24e-18
213.63	4.85e-18
213.66	3.38e-18
213.77	2.48e-18
213.90	1.74e-18
213.98	2.17e-18
214.09	2.02e-18
214.15	2.48e-18
214.28	2.05e-18
214.38	3.81e-18
214.47	7.51e-18
214.48	1.00e-17
214.52	1.30e-17
214.60	1.75e-17
214.76	1.30e-17
214.89	1.00e-17
214.97	7.45e-18
215.03	5.92e-18
215.22	4.87e-18
215.24	4.09e-18
215.41	4.72e-18
215.45	3.12e-18
215.52	3.65e-18
215.69	3.00e-18
215.80	2.38e-18
215.97	1.74e-18
216.05	1.13e-18
216.16	7.34e-19
216.48	1.49e-18
216.73	9.85e-19
216.93	1.72e-18
217.02	3.16e-18
217.03	5.64e-18
217.03	4.65e-18
217.06	9.16e-18
217.16	1.19e-17
217.30	9.05e-18
217.38	7.99e-18
217.43	7.43e-18
217.54	7.84e-18
217.62	5.94e-18
217.70	4.25e-18
217.82	3.10e-18
218.00	2.44e-18
218.11	1.70e-18
218.32	1.69e-18
218.52	8.71e-19
218.67	7.37e-19
218.78	2.98e-19
218.84	1.16e-18
218.88	2.00e-18
219.09	1.37e-18
219.19	1.85e-18
219.34	1.34e-18
219.55	1.64e-18
219.58	2.81e-18
219.70	3.90e-18
219.80	6.03e-18
219.89	8.05e-18
220.01	6.05e-18
220.09	4.34e-18
220.28	2.70e-18
220.37	1.57e-18
220.55	8.72e-19
220.66	1.76e-18
220.73	1.02e-18
220.93	3.77e-19
221.10	6.38e-19
221.35	1.66e-19
221.48	3.09e-20
221.61	2.46e-19
222.07	3.34e-20
222.45	1.33e-18
222.46	1.60e-18
222.48	2.13e-18
222.61	5.43e-18
222.73	4.46e-18
222.81	2.76e-18
222.89	1.80e-18
223.16	9.77e-19
223.39	1.18e-19
223.59	3.15e-20
225.33	5.26e-20
225.37	7.39e-20
225.49	2.38e-18
225.63	1.27e-18
225.83	4.39e-19
226.15	1.25e-19
226.64	3.60e-21
227.06	2.85e-20
227.35	1.20e-19
227.71	5.48e-20
227.95	2.82e-19
228.24	9.16e-20
228.33	6.56e-19
228.41	1.43e-18
228.58	8.94e-19
228.87	1.21e-19
229.13	6.28e-20
231.45	1.10e-19
231.65	1.84e-19
231.97	3.95e-19
232.46	2.62e-19
232.88	5.00e-20
233.28	6.36e-20
233.44	2.22e-19
233.91	4.46e-20
234.47	9.29e-20
234.99	2.88e-19
