   102.50000000000000        1.5145830599466692E-022
   103.50000000000000        7.1800992458269343E-023
   104.50000000000000        9.5062500000000036E-024
   105.50000000000000        7.0363636363636283E-024
   106.50000000000000        9.9066985645932847E-024
   107.50000000000000        6.0119521912350609E-024
   108.50000000000000        1.7992384105960347E-023
   109.50000000000000        9.5914285714284692E-024
   110.50000000000000        2.1783023255814182E-023
   111.50000000000000        7.9434554973822543E-024
   112.50000000000000        3.2257142857142407E-023
   113.50000000000000        4.4794634146341854E-023
   114.50000000000000        4.9113207547169798E-024
   115.50000000000000        6.5307729468598934E-023
   116.50000000000000        3.1770588235293683E-023
   117.50000000000000        3.7726470588235272E-023
   118.50000000000000        6.3029411764706587E-024
   119.50000000000000        3.9610784313725435E-023
   120.50000000000000        4.4255392156862894E-022
   121.50000000000000        2.2988235294117747E-023
   122.50000000000000        1.5263725490196298E-023
   123.50000000000000        7.1501243424206515E-023
   124.50000000000000        4.8653529411764889E-022
   125.50000000000000        4.1379411764705898E-023
   126.50000000000000        1.2995098039215549E-023
   127.50000000000000        1.0228431372549172E-023
   128.50000000000000        2.3968627450980616E-023
   129.50000000000000        2.8735294117647396E-023
   130.50000000000000        1.9256584414039318E-023
   131.50000000000000        3.6220708536585479E-023
   132.50000000000000        8.5975646341463561E-023
   133.50000000000000        1.1097662195121951E-022
   134.50000000000000        1.6148562195121998E-022
   135.50000000000000        3.4547343902439046E-022
   136.50000000000000        4.7826601219512264E-022
   137.50000000000000        6.3428268292682961E-022
   138.50000000000000        3.4242067073170738E-022
   139.50000000000000        0.0000000000000000     
   140.50000000000000        0.0000000000000000     
   141.50000000000000        0.0000000000000000     
   142.50000000000000        0.0000000000000000     
   143.50000000000000        0.0000000000000000     
   144.50000000000000        0.0000000000000000     
   145.50000000000000        0.0000000000000000     
   146.50000000000000        0.0000000000000000     
   147.50000000000000        0.0000000000000000     
   148.50000000000000        0.0000000000000000     
   149.50000000000000        0.0000000000000000     
   150.50000000000000        0.0000000000000000     
   151.50000000000000        0.0000000000000000     
   152.50000000000000        0.0000000000000000     
   153.50000000000000        0.0000000000000000     
   154.50000000000000        0.0000000000000000     
   155.50000000000000        0.0000000000000000     
   156.50000000000000        0.0000000000000000     
   157.50000000000000        0.0000000000000000     
   158.50000000000000        0.0000000000000000     
   159.50000000000000        0.0000000000000000     
   160.50000000000000        0.0000000000000000     
   161.50000000000000        0.0000000000000000     
   162.50000000000000        0.0000000000000000     
   163.50000000000000        0.0000000000000000     
   164.50000000000000        0.0000000000000000     
   165.50000000000000        0.0000000000000000     
   166.50000000000000        0.0000000000000000     
   167.50000000000000        0.0000000000000000     
   168.50000000000000        0.0000000000000000     
   169.50000000000000        0.0000000000000000     
   170.50000000000000        0.0000000000000000     
   171.50000000000000        0.0000000000000000     
   172.50000000000000        0.0000000000000000     
   173.50000000000000        0.0000000000000000     
   174.50000000000000        1.7077748120915698E-023
   175.50000000000000        1.8074900275819903E-023
   176.50000000000000        1.6946755901463559E-023
   177.50000000000000        1.2239536123428763E-023
   178.50000000000000        8.7574720727232046E-024
   179.50000000000000        6.5926569405405367E-024
   180.50000000000000        5.4375637335343779E-024
   181.50000000000000        3.5259370532713579E-024
   182.50000000000000        1.1226869655059343E-024
   183.50000000000000        2.6688643934691770E-024
   184.50000000000000        1.3726943605525129E-024
   185.50000000000000        4.8367826566479798E-025
   186.50000000000000        9.2840184228210373E-025
   187.50000000000000        9.8839966296537264E-026
   188.50000000000000        4.8032337203170387E-025
   189.50000000000000        2.6068253799207441E-026
   190.50000000000000        2.2642884575086293E-025
   191.50000000000000        1.2409722844429083E-026
   192.50000000000000        8.0130062144872408E-026
   193.50000000000000        8.9302072795163218E-027
   194.50000000000000        1.8435249051514104E-026
   195.50000000000000        1.0383899118483522E-026
   196.50000000000000        7.4103835078796948E-028
   197.50000000000000        6.6455990403912605E-027
   198.50000000000000        8.2702448740361065E-028
   199.50000000000000        1.0643687281734251E-027
   200.50000000000000        1.0412219868595482E-027
   201.50000000000000        6.0305036431923514E-028
   202.50000000000000        7.1741402189411184E-028
   203.50000000000000        6.4511687011226808E-028
   204.50000000000000        6.4094488126427235E-028
   205.50000000000000        6.4618422969688251E-028
   206.50000000000000        6.4848394902728611E-028
   207.50000000000000        6.4653018434055408E-028
   208.50000000000000        6.4078179660536985E-028
   209.50000000000000        6.3167646549154594E-028
   210.50000000000000        6.1963068935619959E-028
   211.50000000000000        6.0503978525011915E-028
   212.50000000000000        5.8827788891503589E-028
   213.50000000000000        5.6969795479271854E-028
   214.50000000000000        5.4963175600641992E-028
   215.50000000000000        5.2838988438343217E-028
   216.50000000000000        5.0626175043471450E-028
   217.50000000000000        4.8351558337235469E-028
   218.50000000000000        4.6039843109065256E-028
   219.50000000000000        4.3713616018976611E-028
   220.50000000000000        4.1393345594660784E-028
   221.50000000000000        3.9097382234685937E-028
   222.50000000000000        3.6841958205841364E-028
   223.50000000000000        3.4641187644556338E-028
   224.50000000000000        3.2507066556718200E-028
   225.50000000000000        3.0449472816981141E-028
   226.50000000000000        2.8476166169493808E-028
   227.50000000000000        2.6592788227935671E-028
   228.50000000000000        2.4802862474716677E-028
   229.50000000000000        2.3107794262432435E-028
   230.50000000000000        2.1506870811754196E-028
   231.50000000000000        1.9997261213720776E-028
   232.50000000000000        1.8574016427519381E-028
   233.50000000000000        1.7230069283177726E-028
   234.50000000000000        1.5956234478435363E-028
   235.50000000000000        1.4741208581399405E-028
   236.50000000000000        1.3571570028361747E-028
   237.50000000000000        1.2431779125690810E-028
   238.50000000000000        1.1304178049285837E-028
   239.50000000000000        1.0168990843703796E-028
   240.50000000000000        9.0043234226686759E-029
   241.50000000000000        7.7861635695808221E-029
   242.50000000000000        6.4883809371531238E-029
