   0.0000000000000000     
   101.10221430999999     
   201.10221430999999     
   301.10221431000002     
   401.10221431000002     
   501.10221431000002     
   601.10221431000002     
   701.10221431000002     
   801.10221431000002     
   901.10221431000002     
   1071.1022143099999     
   1171.1022143099999     
   1271.1022143099999     
   1371.1022143099999     
   1471.1022143099999     
   1571.1022143099999     
   1671.1022143099999     
   1771.1022143099999     
   1871.1022143099999     
   1971.1022143099999     
   2071.1022143099999     
   2171.1022143099999     
   2271.1022143099999     
   2371.1022143099999     
   2471.1022143099999     
   2571.1022143099999     
   2671.1022143099999     
   2771.1022143099999     
   2871.1022143099999     
   2971.1022143099999     
   3071.1022143099999     
   3171.1022143099999     
   3271.1022143099999     
   3371.1022143099999     
   3471.1022143099999     
   3571.1022143099999     
   3671.1022143099999     
   3771.1022143099999     
   3871.1022143099999     
   3971.1022143099999     
   4071.1022143099999     
   4171.1022143099999     
   4271.1022143099999     
   4371.1022143099999     
   4471.1022143099999     
   4571.1022143099999     
   4671.1022143099999     
   4771.1022143099999     
   4871.1022143099999     
   4971.1022143099999     
   5071.1022143099999     
   5171.1022143099999     
   5271.1022143099999     
   5371.1022143099999     
   5471.1022143099999     
   5571.1022143099999     
   5671.1022143099999     
   5771.1022143099999     
   5871.1022143099999     
   5971.1022143099999     
   6071.1022143099999     
   6171.1022143099999     
   6271.1022143099999     
   6371.1022143099999     
   6471.1022143099999     
   6571.1022143099999     
   6671.1022143099999     
   6771.1022143099999     
   6871.1022143099999     
   6971.1022143099999     
   7071.1022143099999     
   7171.1022143099999     
   7271.1022143099999     
   7371.1022143099999     
   7471.1022143099999     
   7571.1022143099999     
   7671.1022143099999     
   7771.1022143099999     
   7871.1022143099999     
   7971.1022143099999     
   8071.1022143099999     
   8171.1022143099999     
   8271.1022143099999     
   8371.1022143099999     
   8471.1022143099999     
   8571.1022143099999     
   8671.1022143099999     
   8771.1022143099999     
   8871.1022143099999     
   8971.1022143099999     
   9071.1022143099999     
   9171.1022143099999     
   9271.1022143099999     
   9371.1022143099999     
   9471.1022143099999     
   9571.1022143099999     
   9671.1022143099999     
   9771.1022143099999     
   9871.1022143099999     
   9971.1022143099999     
   10071.102214310000     
   10171.102214310000     
   10271.102214310000     
   10371.102214310000     
   10471.102214310000     
   10571.102214310000     
   10671.102214310000     
   10771.102214310000     
   10871.102214310000     
   10971.102214310000     
   11071.102214310000     
   11171.102214310000     
   11271.102214310000     
   11371.102214310000     
   11471.102214310000     
   11571.102214310000     
   11671.102214310000     
   11771.102214310000     
   11871.102214310000     
   11971.102214310000     
   12071.102214310000     
   12171.102214310000     
   12271.102214310000     
   12371.102214310000     
   12471.102214310000     
   12571.102214310000     
   12671.102214310000     
   12771.102214310000     
   13771.102214310000     
   14771.102214310000     
   15771.102214310000     
   16771.102214309998     
   17771.102214309998     
   18771.102214309998     
   19771.102214309998     
   20771.102214309998     
   21771.102214309998     
   22771.102214309998     
   23771.102214309998     
   24771.102214309998     
   25771.102214309998     
   26771.102214309998     
   27771.102214309998     
   28771.102214309998     
   29771.102214309998     
   30771.102214309998     
   31771.102214309998     
   32771.102214309998     
   33771.102214309998     
   34771.102214309998     
   35771.102214309998     
   36771.102214309998     
   37771.102214309998     
   38771.102214309998     
   39771.102214309998     
   40771.102214309998     
   41771.102214309998     
   42771.102214309998     
   43771.102214309998     
   44771.102214309998     
   45771.102214309998     
   46771.102214309998     
   47771.102214309998     
   48771.102214309998     
   49771.102214309998     
   50771.102214309998     
   51771.102214309998     
   52771.102214309998     
   53771.102214309998     
   54771.102214309998     
   55771.102214309998     
   56771.102214309998     
   57771.102214309998     
   58771.102214309998     
   59771.102214309998     
   60771.102214309998     
   61771.102214309998     
   62771.102214309998     
   63771.102214309998     
   64771.102214309998     
   65771.102214309998     
   66771.102214309998     
   67771.102214309998     
   68771.102214309998     
   69771.102214309998     
   70771.102214309998     
   71771.102214309998     
   72771.102214309998     
   73771.102214309998     
   74771.102214309998     
   75771.102214309998     
   76771.102214309998     
   77771.102214309998     
   78771.102214309998     
   79771.102214309998     
   80771.102214309998     
   81771.102214309998     
   82771.102214309998     
   83771.102214309998     
   84771.102214309998     
   85771.102214309998     
   86771.102214309998     
   87771.102214309998     
   88771.102214309998     
   89771.102214309998     
   90771.102214309998     
   91771.102214309998     
   92771.102214309998     
   93771.102214309998     
   94771.102214309998     
   95771.102214309998     
   96771.102214309998     
   97771.102214309998     
   98771.102214309998     
   99771.102214309998     
   100771.10221431000     
   101771.10221431000     
   102771.10221431000     
   103771.10221431000     
   104771.10221431000     
   105771.10221431000     
   106771.10221431000     
   107771.10221431000     
   108771.10221431000     
   109771.10221431000     
   110771.10221431000     
   111771.10221431000     
   112771.10221431000     
   113771.10221431000     
   114771.10221431000     
   115771.10221431000     
   116771.10221431000     
   117771.10221431000     
   118771.10221431000     
   119771.10221431000     
   120771.10221431000     
   121771.10221431000     
   122771.10221431000     
   123771.10221431000     
   124771.10221431000     
   125771.10221431000     
   126771.10221431000     
   127771.10221431000     
   128771.10221431000     
   129771.10221431000     
   130771.10221431000     
   131771.10221431000     
   132771.10221431000     
   133771.10221431000     
   134771.10221431000     
   135771.10221431000     
   136771.10221431000     
   137771.10221431000     
   138771.10221431000     
   139771.10221431000     
   140771.10221431000     
   141771.10221431000     
   142771.10221431000     
   143771.10221431000     
   144771.10221431000     
   145771.10221431000     
   146771.10221431000     
   147771.10221431000     
   148771.10221431000     
   149771.10221431000     
   150771.10221431000     
   151771.10221431000     
   152771.10221431000     
   153771.10221431000     
   154771.10221431000     
   155771.10221431000     
   156771.10221431000     
   157771.10221431000     
   158771.10221431000     
   159771.10221431000     
   160771.10221431000     
   161771.10221431000     
   162771.10221431000     
   163771.10221431000     
   164771.10221431000     
   165771.10221431000     
   166771.10221431000     
   167771.10221431000     
   168771.10221431000     
   169771.10221431000     
   170771.10221431000     
   171771.10221431000     
   172771.10221431000     
   173771.10221431000     
   174771.10221431000     
   175771.10221431000     
   176771.10221431000     
   177771.10221431000     
   178771.10221431000     
   179771.10221431000     
   180771.10221431000     
   190771.10221431000     
   200771.10221431000     
   210771.10221431000     
   220771.10221431000     
   230771.10221431000     
   240771.10221431000     
   250771.10221431000     
   260771.10221431000     
   270771.10221430997     
   280771.10221430997     
   290771.10221430997     
   300771.10221430997     
   310771.10221430997     
   320771.10221430997     
   330771.10221430997     
   340771.10221430997     
   350771.10221430997     
   360771.10221430997     
   370771.10221430997     
   380771.10221430997     
   390771.10221430997     
   400771.10221430997     
   410771.10221430997     
   420771.10221430997     
   430771.10221430997     
   440771.10221430997     
   450771.10221430997     
   460771.10221430997     
   470771.10221430997     
   480771.10221430997     
   490771.10221430997     
   500771.10221430997     
   510771.10221430997     
   520771.10221430997     
   530771.10221430997     
   540771.10221430997     
   550771.10221430997     
   560771.10221430997     
   570771.10221430997     
   580771.10221430997     
   590771.10221430997     
   600771.10221430997     
   610771.10221430997     
   620771.10221430997     
   630771.10221430997     
   640771.10221430997     
   650771.10221430997     
   660771.10221430997     
   670771.10221430997     
   680771.10221430997     
   690771.10221430997     
   700771.10221430997     
   710771.10221430997     
   720771.10221430997     
   730771.10221430997     
   740771.10221430997     
   750771.10221430997     
   760771.10221430997     
   770771.10221430997     
   780771.10221430997     
   790771.10221430997     
   800771.10221430997     
   810771.10221430997     
   820771.10221430997     
   830771.10221430997     
   840771.10221430997     
   850771.10221430997     
   860771.10221430997     
   870771.10221430997     
   880771.10221430997     
   890771.10221430997     
   900771.10221430997     
   910771.10221430997     
   920771.10221430997     
   930771.10221430997     
   940771.10221430997     
   950771.10221430997     
   960771.10221430997     
   970771.10221430997     
   980771.10221430997     
   990771.10221430997     
   1000771.1022143100     
   1010771.1022143100     
   1020771.1022143100     
   1030771.1022143100     
   1040771.1022143100     
   1050771.1022143099     
   1060771.1022143099     
   1070771.1022143099     
   1080771.1022143099     
   1090771.1022143099     
   1100771.1022143099     
   1110771.1022143099     
   1120771.1022143099     
   1130771.1022143099     
   1140771.1022143099     
   1150771.1022143099     
   1160771.1022143099     
   1170771.1022143099     
   1180771.1022143099     
   1190771.1022143099     
   1200771.1022143099     
   1210771.1022143099     
   1220771.1022143099     
   1230771.1022143099     
   1240771.1022143099     
   1250771.1022143099     
   1260771.1022143099     
   1270771.1022143099     
   1280771.1022143099     
   1290771.1022143099     
   1300771.1022143099     
   1310771.1022143099     
   1320771.1022143099     
   1330771.1022143099     
   1340771.1022143099     
   1350771.1022143099     
   1360771.1022143099     
   1370771.1022143099     
   1380771.1022143099     
   1390771.1022143099     
   1400771.1022143099     
   1410771.1022143099     
   1420771.1022143099     
   1430771.1022143099     
   1440771.1022143099     
   1450771.1022143099     
   1460771.1022143099     
   1470771.1022143099     
   1480771.1022143099     
   1490771.1022143099     
   1500771.1022143099     
   1510771.1022143099     
   1520771.1022143099     
   1530771.1022143099     
   1540771.1022143099     
   1550771.1022143099     
   1560771.1022143099     
   1570771.1022143099     
   1580771.1022143099     
   1590771.1022143099     
   1600771.1022143099     
   1610771.1022143099     
   1620771.1022143099     
   1630771.1022143099     
   1640771.1022143099     
   1650771.1022143099     
   1660771.1022143099     
   1670771.1022143099     
   1680771.1022143099     
   1690771.1022143099     
   1700771.1022143099     
   1710771.1022143099     
   1720771.1022143099     
   1730771.1022143099     
   1740771.1022143099     
   1750771.1022143099     
   1760771.1022143099     
   1770771.1022143099     
   1780771.1022143099     
   1790771.1022143099     
   1800771.1022143099     
   1810771.1022143099     
   1820771.1022143099     
   1830771.1022143099     
   1840771.1022143099     
   1850771.1022143099     
   1860771.1022143099     
   1870771.1022143099     
   1880771.1022143099     
   1890771.1022143099     
   1900771.1022143099     
   1910771.1022143099     
   1920771.1022143099     
   1930771.1022143099     
   1940771.1022143099     
   1950771.1022143099     
   1960771.1022143099     
   1970771.1022143099     
   1980771.1022143099     
   1990771.1022143099     
   2000771.1022143099     
   2010771.1022143099     
   2020771.1022143099     
   2030771.1022143099     
   2040771.1022143099     
   2050771.1022143099     
   2060771.1022143099     
   2070771.1022143099     
   2080771.1022143099     
   2090771.1022143099     
   2100771.1022143099     
   2110771.1022143099     
   2120771.1022143099     
   2130771.1022143099     
   2140771.1022143099     
   2150771.1022143099     
   2160771.1022143099     
   2170771.1022143099     
   2180771.1022143099     
   2190771.1022143099     
   2200771.1022143099     
   2210771.1022143099     
   2220771.1022143099     
   2230771.1022143099     
   2240771.1022143099     
   2250771.1022143099     
   2260771.1022143099     
   2270771.1022143099     
   2280771.1022143099     
   2290771.1022143099     
   2300771.1022143099     
   2310771.1022143099     
   2320771.1022143099     
   2330771.1022143099     
   2340771.1022143099     
   2350771.1022143099     
   2360771.1022143099     
   2370771.1022143099     
   2380771.1022143099     
   2390771.1022143099     
   2400771.1022143099     
   2410771.1022143099     
   2420771.1022143099     
   2430771.1022143099     
   2440771.1022143099     
   2450771.1022143099     
   2460771.1022143099     
   2470771.1022143099     
   2480771.1022143099     
   2490771.1022143099     
   2500771.1022143099     
   2510771.1022143099     
   2520771.1022143099     
   2530771.1022143099     
   2540771.1022143099     
   2550771.1022143099     
   2560771.1022143099     
   2570771.1022143099     
   2580771.1022143099     
   2590771.1022143099     
   2600771.1022143099     
   2610771.1022143099     
   2620771.1022143099     
   2630771.1022143099     
   2640771.1022143099     
   2650771.1022143099     
   2660771.1022143099     
   2670771.1022143099     
   2680771.1022143099     
   2690771.1022143099     
   2700771.1022143099     
   2710771.1022143099     
   2720771.1022143099     
   2730771.1022143099     
   2740771.1022143099     
   2750771.1022143099     
   2760771.1022143099     
   2770771.1022143099     
   2780771.1022143099     
   2790771.1022143099     
   2800771.1022143099     
   2810771.1022143099     
   2820771.1022143099     
   2830771.1022143099     
   2840771.1022143099     
   2940771.1022143099     
   3040771.1022143099     
   3140771.1022143099     
   3240771.1022143099     
   3340771.1022143099     
   3440771.1022143099     
   3540771.1022143099     
   3640771.1022143099     
   3740771.1022143099     
   3840771.1022143099     
   3940771.1022143099     
   4040771.1022143099     
   4140771.1022143099     
   4240771.1022143103     
   4340771.1022143103     
   4440771.1022143103     
   4540771.1022143103     
   4640771.1022143103     
   4740771.1022143103     
   4840771.1022143103     
   4940771.1022143103     
   5040771.1022143103     
   5140771.1022143103     
   5240771.1022143103     
   5340771.1022143103     
   5440771.1022143103     
   5540771.1022143103     
   5640771.1022143103     
   5740771.1022143103     
   5840771.1022143103     
   5940771.1022143103     
   6040771.1022143103     
   6140771.1022143103     
   6240771.1022143103     
   6340771.1022143103     
   6440771.1022143103     
   6540771.1022143103     
   6640771.1022143103     
   6740771.1022143103     
   6840771.1022143103     
   6940771.1022143103     
   7040771.1022143103     
   7140771.1022143103     
   7240771.1022143103     
   7340771.1022143103     
   7440771.1022143103     
   7540771.1022143103     
   7640771.1022143103     
   7740771.1022143103     
   7840771.1022143103     
   7940771.1022143103     
   8040771.1022143103     
   8140771.1022143103     
   8240771.1022143103     
   8340771.1022143103     
   8440771.1022143103     
   8540771.1022143103     
   8640771.1022143103     
   8740771.1022143103     
   8840771.1022143103     
   8940771.1022143103     
   9040771.1022143103     
   9140771.1022143103     
   9240771.1022143103     
   9340771.1022143103     
   9440771.1022143103     
   9540771.1022143103     
   9640771.1022143103     
   9740771.1022143103     
   9840771.1022143103     
   9940771.1022143103     
   10040771.102214310     
   10140771.102214310     
   10240771.102214310     
   10340771.102214310     
   10440771.102214310     
   10540771.102214310     
   10640771.102214310     
   10740771.102214310     
   10840771.102214310     
   10940771.102214310     
   11040771.102214310     
   11140771.102214310     
   11240771.102214310     
   11340771.102214310     
   11440771.102214310     
   11540771.102214310     
   11640771.102214310     
   11740771.102214310     
   11840771.102214310     
   11940771.102214310     
   12040771.102214310     
   12140771.102214310     
   12240771.102214310     
   12340771.102214310     
   12440771.102214310     
   12540771.102214310     
   12640771.102214310     
   12740771.102214310     
   12840771.102214310     
   12940771.102214310     
   13040771.102214310     
   13140771.102214310     
   13240771.102214310     
   13340771.102214310     
   13440771.102214310     
   13540771.102214310     
   13640771.102214310     
   13740771.102214310     
   13840771.102214310     
   13940771.102214310     
   14040771.102214310     
   14140771.102214310     
   14240771.102214310     
   14340771.102214310     
   14440771.102214310     
   14540771.102214310     
   14640771.102214310     
   14740771.102214310     
   14840771.102214310     
   14940771.102214310     
   15040771.102214310     
   15140771.102214310     
   15240771.102214310     
   15340771.102214310     
   15440771.102214310     
   15540771.102214310     
   15640771.102214310     
   15740771.102214310     
   15840771.102214310     
   15940771.102214310     
   16040771.102214310     
   16140771.102214310     
   16240771.102214310     
   16340771.102214310     
   16440771.102214310     
   16540771.102214310     
   16640771.102214310     
   16740771.102214310     
   16840771.102214310     
   16940771.102214310     
   17040771.102214310     
   17140771.102214310     
   17240771.102214310     
   17340771.102214310     
   17440771.102214310     
   17540771.102214310     
   17640771.102214310     
   17740771.102214310     
   17840771.102214310     
   17940771.102214310     
   18040771.102214310     
   18140771.102214310     
   18240771.102214310     
   18340771.102214310     
   18440771.102214310     
   18540771.102214310     
   18640771.102214310     
   18740771.102214310     
   18840771.102214310     
   18940771.102214310     
   19040771.102214310     
   19140771.102214310     
   19240771.102214310     
   19340771.102214310     
   19440771.102214310     
   19540771.102214310     
   19640771.102214310     
   19740771.102214310     
   19840771.102214310     
   19940771.102214310     
   20040771.102214310     
   20140771.102214310     
   20240771.102214310     
   20340771.102214310     
   20440771.102214310     
   20540771.102214310     
   20640771.102214310     
   20740771.102214310     
   20840771.102214310     
   20940771.102214310     
   21040771.102214310     
   21140771.102214310     
   21240771.102214310     
   21340771.102214310     
   21440771.102214310     
   21540771.102214310     
   21640771.102214310     
   21740771.102214310     
   21840771.102214310     
   21940771.102214310     
   22040771.102214310     
   22140771.102214310     
   22240771.102214310     
   22340771.102214310     
   22440771.102214310     
   22540771.102214310     
   22640771.102214310     
   22740771.102214310     
   22840771.102214310     
   22940771.102214310     
   23040771.102214310     
   23140771.102214310     
   23240771.102214310     
   23340771.102214310     
   23440771.102214310     
   23540771.102214310     
   23640771.102214310     
   23740771.102214310     
   23840771.102214310     
   23940771.102214310     
   24040771.102214310     
   24140771.102214310     
   24240771.102214310     
   24340771.102214310     
   24440771.102214310     
   24540771.102214310     
   24640771.102214310     
   24740771.102214310     
   24840771.102214310     
   24940771.102214310     
   25040771.102214310     
   25140771.102214310     
   25240771.102214310     
   25340771.102214310     
   25440771.102214310     
   25540771.102214310     
   25640771.102214310     
   25740771.102214310     
   25840771.102214310     
   25940771.102214310     
   26040771.102214310     
   26140771.102214310     
   26240771.102214310     
   26340771.102214310     
   26440771.102214310     
   26540771.102214310     
   26640771.102214310     
   26740771.102214310     
   26840771.102214310     
   26940771.102214310     
   27040771.102214310     
   27140771.102214310     
   27240771.102214310     
   27340771.102214310     
   27440771.102214310     
   27540771.102214310     
   27640771.102214310     
   27740771.102214310     
   27840771.102214310     
   27940771.102214310     
   28040771.102214310     
   28140771.102214310     
   28240771.102214310     
   28340771.102214310     
   28440771.102214310     
   28540771.102214310     
   28640771.102214310     
   28740771.102214310     
   28840771.102214310     
   28940771.102214310     
   29040771.102214310     
   29140771.102214310     
   29240771.102214310     
   29340771.102214310     
   29440771.102214310     
   29540771.102214310     
   29640771.102214310     
   29740771.102214310     
   29840771.102214310     
   29940771.102214310     
   30940771.102214310     
   31940771.102214310     
   32940771.102214310     
   33940771.102214307     
   34940771.102214307     
   35940771.102214307     
   36940771.102214307     
   37940771.102214307     
   38940771.102214307     
   39940771.102214307     
   40940771.102214307     
   41940771.102214307     
   42940771.102214307     
   43940771.102214307     
   44940771.102214307     
   45940771.102214307     
   46940771.102214307     
   47940771.102214307     
   48940771.102214307     
   49940771.102214307     
   50940771.102214307     
   51940771.102214307     
   52940771.102214307     
   53940771.102214307     
   54940771.102214307     
   55940771.102214307     
   56940771.102214307     
   57940771.102214307     
   58940771.102214307     
   59940771.102214307     
   60940771.102214307     
   61940771.102214307     
   62940771.102214307     
   63940771.102214307     
   64940771.102214307     
   65940771.102214307     
   66940771.102214307     
   67940771.102214307     
   68940771.102214307     
   69940771.102214307     
   70940771.102214307     
   71940771.102214307     
   72940771.102214307     
   73940771.102214307     
   74940771.102214307     
   75940771.102214307     
   76940771.102214307     
   77940771.102214307     
   78940771.102214307     
   79940771.102214307     
   80940771.102214307     
   81940771.102214307     
   82940771.102214307     
   83940771.102214307     
   84940771.102214307     
   85940771.102214307     
   86940771.102214307     
   87940771.102214307     
   88940771.102214307     
   89940771.102214307     
   90940771.102214307     
   91940771.102214307     
   92940771.102214307     
   93940771.102214307     
   94940771.102214307     
   95940771.102214307     
   96940771.102214307     
   97940771.102214307     
   98940771.102214307     
   99940771.102214307     
   100940771.10221431     
   101940771.10221431     
   102940771.10221431     
   103940771.10221431     
   104940771.10221431     
   105940771.10221431     
   106940771.10221431     
   107940771.10221431     
   108940771.10221431     
   109940771.10221431     
   110940771.10221431     
   111940771.10221431     
   112940771.10221431     
   113940771.10221431     
   114940771.10221431     
   115940771.10221431     
   116940771.10221431     
   117940771.10221431     
   118940771.10221431     
   119940771.10221431     
   120940771.10221431     
   121940771.10221431     
   122940771.10221431     
   123940771.10221431     
   124940771.10221431     
   125940771.10221431     
   126940771.10221431     
   127940771.10221431     
   128940771.10221431     
   129940771.10221431     
   130940771.10221431     
   131940771.10221431     
   132940771.10221431     
   133940771.10221431     
   134940771.10221431     
   135940771.10221431     
   136940771.10221431     
   137940771.10221431     
   138940771.10221431     
   139940771.10221431     
   140940771.10221431     
   141940771.10221431     
   142940771.10221431     
   143940771.10221431     
   144940771.10221431     
   145940771.10221431     
   146940771.10221431     
   147940771.10221431     
   148940771.10221431     
   149940771.10221431     
   150940771.10221431     
   151940771.10221431     
   152940771.10221431     
   153940771.10221431     
   154940771.10221431     
   155940771.10221431     
   156940771.10221431     
   157940771.10221431     
   158940771.10221431     
   159940771.10221431     
   160940771.10221431     
   161940771.10221431     
   162940771.10221431     
   163940771.10221431     
   164940771.10221431     
   165940771.10221431     
   166940771.10221431     
   167940771.10221431     
   168940771.10221431     
   169940771.10221431     
   170940771.10221431     
   171940771.10221431     
   172940771.10221431     
   173940771.10221431     
   174940771.10221431     
   175940771.10221431     
   176940771.10221431     
   177940771.10221431     
   178940771.10221431     
   179940771.10221431     
   180940771.10221431     
   181940771.10221431     
   182940771.10221431     
   183940771.10221431     
   184940771.10221431     
   185940771.10221431     
   186940771.10221431     
   187940771.10221431     
   188940771.10221431     
   189940771.10221431     
   190940771.10221431     
   191940771.10221431     
   192940771.10221431     
   193940771.10221431     
   194940771.10221431     
   195940771.10221431     
   196940771.10221431     
   197940771.10221431     
   198940771.10221431     
   199940771.10221431     
   200940771.10221431     
   201940771.10221431     
   202940771.10221431     
   203940771.10221431     
   204940771.10221431     
   205940771.10221431     
   206940771.10221431     
   207940771.10221431     
   208940771.10221431     
   209940771.10221431     
   210940771.10221431     
   211940771.10221431     
   212940771.10221431     
   213940771.10221431     
   214940771.10221431     
   215940771.10221431     
   216940771.10221431     
   217940771.10221431     
   218940771.10221431     
   219940771.10221431     
   220940771.10221431     
   221940771.10221431     
   222940771.10221431     
   223940771.10221431     
   224940771.10221431     
   225940771.10221431     
   226940771.10221431     
   227940771.10221431     
   228940771.10221431     
   229940771.10221431     
   230940771.10221431     
   231940771.10221431     
   232940771.10221431     
   233940771.10221431     
   234940771.10221431     
   235940771.10221431     
   236940771.10221431     
   237940771.10221431     
   238940771.10221431     
   239940771.10221431     
   240940771.10221431     
   241940771.10221431     
   242940771.10221431     
   243940771.10221431     
   244940771.10221431     
   245940771.10221431     
   246940771.10221431     
   247940771.10221431     
   248940771.10221431     
   249940771.10221431     
   250940771.10221431     
   251940771.10221431     
   252940771.10221431     
   253940771.10221431     
   254940771.10221431     
   255940771.10221431     
   256940771.10221431     
   257940771.10221431     
   258940771.10221431     
   259940771.10221431     
   260940771.10221431     
   261940771.10221431     
   262940771.10221431     
   263940771.10221431     
   264940771.10221431     
   265940771.10221431     
   266940771.10221431     
   267940771.10221431     
   268940771.10221434     
   269940771.10221434     
   270940771.10221434     
   271940771.10221434     
   272940771.10221434     
   273940771.10221434     
   274940771.10221434     
   275940771.10221434     
   276940771.10221434     
   277940771.10221434     
   278940771.10221434     
   279940771.10221434     
   280940771.10221434     
   281940771.10221434     
   282940771.10221434     
   283940771.10221434     
   284940771.10221434     
   285940771.10221434     
   286940771.10221434     
   287940771.10221434     
   288940771.10221434     
   289940771.10221434     
   290940771.10221434     
   291940771.10221434     
   292940771.10221434     
   293940771.10221434     
   294940771.10221434     
   295940771.10221434     
   296940771.10221434     
   297940771.10221434     
   298940771.10221434     
   299940771.10221434     
   300940771.10221434     
   301940771.10221434     
   302940771.10221434     
   303940771.10221434     
   304940771.10221434     
   305940771.10221434     
   306940771.10221434     
   307940771.10221434     
   308940771.10221434     
   309940771.10221434     
   310940771.10221434     
   311940771.10221434     
   312940771.10221434     
   313940771.10221434     
   314940771.10221434     
   315940771.10221434     
   316940771.10221434     
   317940771.10221434     
   318940771.10221434     
   319940771.10221434     
   320940771.10221434     
   321940771.10221434     
   322940771.10221434     
   323940771.10221434     
   324940771.10221434     
   325940771.10221434     
   326940771.10221434     
   327940771.10221434     
   328940771.10221434     
   329940771.10221434     
   330940771.10221434     
   331940771.10221434     
   332940771.10221434     
   333940771.10221434     
   334940771.10221434     
   335940771.10221434     
   336940771.10221434     
   337940771.10221434     
   338940771.10221434     
   339940771.10221434     
   340940771.10221434     
   341940771.10221434     
   351940771.10221434     
   361940771.10221434     
   371940771.10221434     
   381940771.10221434     
   391940771.10221434     
   401940771.10221434     
   411940771.10221434     
   421940771.10221434     
   431940771.10221434     
   441940771.10221434     
   451940771.10221434     
   461940771.10221434     
   471940771.10221434     
   481940771.10221434     
   491940771.10221434     
   501940771.10221434     
   511940771.10221434     
   521940771.10221434     
   531940771.10221434     
   541940771.10221434     
   551940771.10221434     
   561940771.10221434     
   571940771.10221434     
   581940771.10221434     
   591940771.10221434     
   601940771.10221434     
   611940771.10221434     
   621940771.10221434     
   631940771.10221434     
   641940771.10221434     
   651940771.10221434     
   661940771.10221434     
   671940771.10221434     
   681940771.10221434     
   691940771.10221434     
   701940771.10221434     
   711940771.10221434     
   721940771.10221434     
   731940771.10221434     
   741940771.10221434     
   751940771.10221434     
   761940771.10221434     
   771940771.10221434     
   781940771.10221434     
   791940771.10221434     
   801940771.10221434     
   811940771.10221434     
   821940771.10221434     
   831940771.10221434     
   841940771.10221434     
   851940771.10221434     
   861940771.10221434     
   871940771.10221434     
   881940771.10221434     
   891940771.10221434     
   901940771.10221434     
   911940771.10221434     
   921940771.10221434     
   931940771.10221434     
   941940771.10221434     
   951940771.10221434     
   961940771.10221434     
   971940771.10221434     
   981940771.10221434     
   991940771.10221434     
   1001940771.1022143     
   1011940771.1022143     
   1021940771.1022143     
   1031940771.1022143     
   1041940771.1022143     
   1051940771.1022143     
   1061940771.1022143     
   1071940771.1022143     
   1081940771.1022143     
   1091940771.1022143     
   1101940771.1022143     
   1111940771.1022143     
   1121940771.1022143     
   1131940771.1022143     
   1141940771.1022143     
   1151940771.1022143     
   1161940771.1022143     
   1171940771.1022143     
   1181940771.1022143     
   1191940771.1022143     
   1201940771.1022143     
   1211940771.1022143     
   1221940771.1022143     
   1231940771.1022143     
   1241940771.1022143     
   1251940771.1022143     
   1261940771.1022143     
   1271940771.1022143     
   1281940771.1022143     
   1291940771.1022143     
   1301940771.1022143     
   1311940771.1022143     
   1321940771.1022143     
   1331940771.1022143     
   1341940771.1022143     
   1351940771.1022143     
   1361940771.1022143     
   1371940771.1022143     
   1381940771.1022143     
   1391940771.1022143     
   1401940771.1022143     
   1411940771.1022143     
   1421940771.1022143     
   1431940771.1022143     
   1441940771.1022143     
   1451940771.1022143     
   1461940771.1022143     
   1471940771.1022143     
   1481940771.1022143     
   1491940771.1022143     
   1501940771.1022143     
   1511940771.1022143     
   1521940771.1022143     
   1531940771.1022143     
   1541940771.1022143     
   1551940771.1022143     
   1561940771.1022143     
   1571940771.1022143     
   1581940771.1022143     
   1591940771.1022143     
   1601940771.1022143     
   1611940771.1022143     
   1621940771.1022143     
   1631940771.1022143     
   1641940771.1022143     
   1651940771.1022143     
   1661940771.1022143     
   1671940771.1022143     
   1681940771.1022143     
   1691940771.1022143     
   1701940771.1022143     
   1711940771.1022143     
   1721940771.1022143     
   1731940771.1022143     
   1741940771.1022143     
   1751940771.1022143     
   1761940771.1022143     
   1771940771.1022143     
   1781940771.1022143     
   1791940771.1022143     
   1801940771.1022143     
   1811940771.1022143     
   1821940771.1022143     
   1831940771.1022143     
   1841940771.1022143     
   1851940771.1022143     
   1861940771.1022143     
   1871940771.1022143     
   1881940771.1022143     
   1891940771.1022143     
   1901940771.1022143     
   1911940771.1022143     
   1921940771.1022143     
   1931940771.1022143     
   2031940771.1022143     
   2131940771.1022143     
   2231940771.1022143     
   2331940771.1022143     
   2431940771.1022143     
   2531940771.1022143     
   2631940771.1022143     
   2731940771.1022143     
   2831940771.1022143     
   2931940771.1022143     
   3031940771.1022143     
   3131940771.1022143     
   3231940771.1022143     
   3331940771.1022143     
   3431940771.1022143     
   3531940771.1022143     
   3631940771.1022143     
   3731940771.1022143     
   3831940771.1022143     
   3931940771.1022143     
   4031940771.1022143     
   4131940771.1022143     
   4231940771.1022143     
   4331940771.1022148     
   4431940771.1022148     
   4531940771.1022148     
   4631940771.1022148     
   4731940771.1022148     
   4831940771.1022148     
   4931940771.1022148     
   5031940771.1022148     
   5131940771.1022148     
   5231940771.1022148     
   5331940771.1022148     
   5431940771.1022148     
   5531940771.1022148     
   6531940771.1022148     
   7531940771.1022148     
   8531940771.1022148     
   9531940771.1022148     
   10531940771.102215     
   11531940771.102215     
   21531940771.102215     
   31531940771.102215     
   131531940771.10222     
   1131531940771.1023     
   11131531940771.102     
   111131531940771.09     
   211131531940771.09     
   311131531940771.12     
   411131531940771.12     
   511131531940771.12     
   611131531940771.12     
   711131531940771.12     
   811131531940771.12     
   911131531940771.12     
   1011131531940771.1     
   1111131531940771.1     
   1211131531940771.0     
   1311131531940771.0     
   1411131531940771.0     
   1511131531940771.0     
   1611131531940771.0     
   1711131531940771.0     
   1811131531940771.0     
   1911131531940771.0     
   2011131531940771.0     
   2111131531940771.0     
   2211131531940771.0     
   2311131531940771.0     
   2411131531940771.0     
   2511131531940771.0     
   2611131531940771.0     
   2711131531940771.0     
   2811131531940771.0     
   2911131531940771.0     
   3011131531940771.0     
