32.53 2.05e-17
33.36 2.11e-17
34.55 2.23e-17
35.60 2.34e-17
36.58 2.47e-17
37.47 2.60e-17
38.67 2.77e-17
39.27 2.89e-17
39.79 3.02e-17
40.47 3.16e-17
40.84 3.27e-17
41.36 3.39e-17
42.19 3.53e-17
42.71 3.67e-17
43.38 3.83e-17
44.21 3.96e-17
44.73 4.14e-17
45.25 4.25e-17
46.00 4.40e-17
46.67 4.54e-17
47.50 4.75e-17
48.09 4.94e-17
48.77 5.08e-17
49.36 5.25e-17
50.19 5.47e-17
51.16 5.71e-17
52.20 5.95e-17
52.95 6.15e-17
53.85 6.37e-17
54.52 6.55e-17
55.12 6.69e-17
55.72 6.83e-17
56.39 6.98e-17
57.21 7.12e-17
58.11 7.32e-17
58.78 7.45e-17
59.46 7.60e-17
60.06 7.74e-17
60.80 7.87e-17
61.33 7.95e-17
61.93 7.99e-17
63.20 8.11e-17
64.40 8.23e-17
65.52 8.34e-17
66.65 8.46e-17
67.92 8.57e-17
69.50 8.64e-17
71.07 8.70e-17
72.87 8.70e-17
74.52 8.69e-17
75.87 8.54e-17
77.30 8.47e-17
78.50 8.33e-17
80.45 8.39e-17
82.48 8.25e-17
83.53 8.08e-17
84.44 7.87e-17
85.11 7.73e-17
85.94 7.57e-17
86.40 7.37e-17
87.00 7.11e-17
87.53 6.91e-17
88.66 6.61e-17
90.16 6.49e-17
91.81 6.48e-17
93.24 6.37e-17
94.22 6.24e-17
95.19 6.24e-17
96.02 6.22e-17
96.84 6.19e-17
97.59 6.15e-17
98.50 5.96e-17
99.32 5.77e-17
100.38 5.62e-17
103.23 5.61e-17
104.59 4.53e-17
104.97 4.60e-17
106.62 4.61e-17
108.05 4.54e-17
108.95 4.41e-17
110.30 4.26e-17
111.13 4.12e-17
112.33 4.01e-17
113.46 3.90e-17
114.58 3.76e-17
115.19 3.58e-17
116.39 3.33e-17
117.22 3.19e-17
118.20 3.06e-17
118.87 3.03e-17
119.85 3.05e-17
121.27 3.15e-17
122.77 3.13e-17
124.50 3.11e-17
126.45 2.98e-17
124.98 3.9092e-17
125.03 3.9110e-17
125.08 3.9127e-17
125.13 3.9144e-17
125.18 3.9183e-17
125.23 3.9234e-17
125.28 3.9286e-17
125.33 3.9337e-17
125.38 3.9333e-17
125.43 3.9315e-17
125.48 3.9297e-17
125.53 3.9279e-17
125.58 3.9329e-17
125.63 3.9381e-17
125.68 3.9433e-17
125.73 3.9483e-17
125.78 3.9520e-17
125.83 3.9557e-17
125.88 3.9594e-17
125.93 3.9618e-17
125.98 3.9611e-17
126.03 3.9605e-17
126.08 3.9598e-17
126.13 3.9594e-17
126.18 3.9592e-17
126.23 3.9590e-17
126.28 3.9589e-17
126.33 3.9533e-17
126.38 3.9446e-17
126.43 3.9359e-17
126.48 3.9272e-17
126.53 3.9243e-17
126.58 3.9227e-17
126.63 3.9210e-17
126.68 3.9193e-17
126.73 3.9199e-17
126.78 3.9205e-17
126.83 3.9212e-17
126.88 3.9231e-17
126.93 3.9320e-17
126.98 3.9408e-17
127.03 3.9497e-17
127.08 3.9574e-17
127.13 3.9630e-17
127.18 3.9685e-17
127.23 3.9741e-17
127.28 3.9869e-17
127.33 4.0070e-17
127.38 4.0270e-17
127.43 4.0471e-17
127.48 4.0548e-17
127.53 4.0567e-17
127.58 4.0587e-17
127.63 4.0606e-17
127.68 4.0578e-17
127.73 4.0542e-17
127.78 4.0507e-17
127.83 4.0470e-17
127.88 4.0384e-17
127.93 4.0299e-17
127.98 4.0213e-17
128.03 4.0133e-17
128.08 4.0073e-17
128.13 4.0013e-17
128.18 3.9952e-17
128.23 3.9926e-17
128.28 3.9955e-17
128.33 3.9984e-17
128.38 4.0014e-17
128.43 4.0023e-17
128.48 4.0016e-17
128.53 4.0010e-17
128.58 4.0003e-17
128.63 4.0016e-17
128.68 4.0036e-17
128.73 4.0055e-17
128.78 4.0075e-17
128.83 4.0024e-17
128.88 3.9966e-17
128.93 3.9909e-17
128.98 3.9864e-17
129.03 3.9933e-17
129.08 4.0002e-17
129.13 4.0072e-17
129.18 4.0168e-17
129.23 4.0336e-17
129.28 4.0503e-17
129.33 4.0671e-17
129.38 4.0803e-17
129.43 4.0895e-17
129.48 4.0987e-17
129.53 4.1079e-17
129.58 4.1277e-17
129.63 4.1535e-17
129.68 4.1792e-17
129.73 4.2049e-17
129.78 4.2322e-17
129.83 4.2598e-17
129.88 4.2873e-17
129.93 4.3149e-17
129.98 4.3085e-17
130.03 4.3021e-17
130.08 4.2957e-17
130.13 4.2839e-17
130.18 4.2506e-17
130.23 4.2173e-17
130.28 4.1840e-17
130.33 4.1525e-17
130.38 4.1238e-17
130.43 4.0951e-17
130.48 4.0664e-17
130.53 4.0494e-17
130.58 4.0416e-17
130.63 4.0339e-17
130.68 4.0261e-17
130.73 4.0294e-17
130.78 4.0368e-17
130.83 4.0441e-17
130.88 4.0514e-17
130.93 4.0397e-17
130.98 4.0268e-17
131.03 4.0139e-17
131.08 3.9999e-17
131.13 3.9776e-17
131.18 3.9554e-17
131.23 3.9331e-17
131.28 3.9153e-17
131.33 3.9082e-17
131.38 3.9010e-17
131.43 3.8938e-17
131.48 3.8894e-17
131.53 3.8880e-17
131.58 3.8866e-17
131.63 3.8851e-17
131.68 3.8883e-17
131.73 3.8935e-17
131.78 3.8988e-17
131.83 3.9041e-17
131.88 3.9204e-17
131.93 3.9384e-17
131.98 3.9565e-17
132.03 3.9752e-17
132.08 4.0034e-17
132.13 4.0317e-17
132.18 4.0599e-17
132.23 4.0857e-17
132.28 4.1038e-17
132.33 4.1219e-17
132.38 4.1399e-17
132.43 4.1413e-17
132.48 4.1215e-17
132.53 4.1017e-17
132.58 4.0819e-17
132.63 4.0386e-17
132.68 3.9809e-17
132.73 3.9232e-17
132.78 3.8655e-17
132.83 3.8130e-17
132.88 3.7616e-17
132.93 3.7102e-17
132.98 3.6588e-17
133.03 3.6334e-17
133.08 3.6080e-17
133.13 3.5826e-17
133.18 3.5586e-17
133.23 3.5405e-17
133.28 3.5223e-17
133.33 3.5041e-17
133.38 3.4823e-17
133.43 3.4548e-17
133.48 3.4274e-17
133.53 3.4000e-17
133.58 3.3741e-17
133.63 3.3494e-17
133.68 3.3247e-17
133.73 3.3001e-17
133.78 3.2934e-17
133.83 3.2917e-17
133.88 3.2901e-17
133.93 3.2885e-17
133.98 3.2953e-17
134.03 3.3023e-17
134.08 3.3093e-17
134.13 3.3141e-17
134.18 3.3080e-17
134.23 3.3019e-17
134.28 3.2957e-17
134.33 3.2865e-17
134.38 3.2716e-17
134.43 3.2568e-17
134.48 3.2420e-17
134.53 3.2419e-17
134.58 3.2536e-17
134.63 3.2652e-17
134.68 3.2768e-17
134.73 3.2918e-17
134.78 3.3079e-17
134.83 3.3240e-17
134.88 3.3400e-17
134.93 3.3145e-17
134.98 3.2871e-17
135.03 3.2598e-17
135.08 3.2300e-17
135.13 3.1870e-17
135.18 3.1440e-17
135.23 3.1009e-17
135.28 3.0612e-17
135.33 3.0274e-17
135.38 2.9936e-17
135.43 2.9598e-17
135.48 2.9283e-17
135.53 2.8989e-17
135.58 2.8695e-17
135.63 2.8401e-17
135.68 2.8061e-17
135.73 2.7705e-17
135.78 2.7350e-17
135.83 2.6994e-17
135.88 2.6672e-17
135.93 2.6352e-17
135.98 2.6032e-17
136.03 2.5710e-17
136.08 2.5376e-17
136.13 2.5042e-17
136.18 2.4707e-17
136.23 2.4391e-17
136.28 2.4106e-17
136.33 2.3822e-17
136.38 2.3537e-17
136.43 2.3367e-17
136.48 2.3286e-17
136.53 2.3205e-17
136.58 2.3124e-17
136.63 2.3179e-17
136.68 2.3277e-17
136.73 2.3375e-17
136.78 2.3473e-17
136.83 2.3591e-17
136.88 2.3709e-17
136.93 2.3828e-17
136.98 2.3937e-17
137.03 2.3993e-17
137.08 2.4050e-17
137.13 2.4106e-17
137.18 2.4160e-17
137.23 2.4211e-17
137.28 2.4262e-17
137.33 2.4312e-17
137.38 2.4302e-17
137.43 2.4247e-17
137.48 2.4193e-17
137.53 2.4138e-17
137.58 2.3955e-17
137.63 2.3735e-17
137.68 2.3514e-17
137.73 2.3294e-17
137.78 2.3153e-17
137.83 2.3013e-17
137.88 2.2874e-17
137.93 2.2752e-17
137.98 2.2712e-17
138.03 2.2673e-17
138.08 2.2634e-17
138.13 2.2586e-17
138.18 2.2527e-17
138.23 2.2467e-17
138.28 2.2408e-17
138.33 2.2357e-17
138.38 2.2312e-17
138.43 2.2267e-17
138.48 2.2222e-17
138.53 2.2078e-17
138.58 2.1912e-17
138.63 2.1746e-17
138.68 2.1580e-17
138.73 2.1377e-17
138.78 2.1174e-17
138.83 2.0971e-17
138.88 2.0768e-17
138.93 2.0563e-17
138.98 2.0358e-17
139.03 2.0154e-17
139.08 1.9987e-17
139.13 1.9870e-17
139.18 1.9753e-17
139.23 1.9636e-17
139.28 1.9758e-17
139.33 2.0004e-17
139.38 2.0250e-17
139.43 2.0496e-17
139.48 2.1001e-17
139.53 2.1548e-17
139.58 2.2095e-17
139.63 2.2619e-17
139.68 2.2885e-17
139.73 2.3150e-17
139.78 2.3415e-17
139.83 2.3554e-17
139.88 2.3369e-17
139.93 2.3184e-17
139.98 2.2999e-17
140.03 2.2850e-17
140.08 2.2739e-17
140.13 2.2627e-17
140.18 2.2516e-17
140.23 2.2616e-17
140.28 2.2799e-17
140.33 2.2982e-17
140.38 2.3164e-17
140.43 2.3059e-17
140.48 2.2930e-17
140.53 2.2800e-17
140.58 2.2610e-17
140.63 2.2055e-17
140.68 2.1499e-17
140.73 2.0943e-17
140.78 2.0430e-17
140.83 1.9993e-17
140.88 1.9557e-17
140.93 1.9120e-17
140.98 1.8811e-17
141.03 1.8595e-17
141.08 1.8379e-17
141.13 1.8163e-17
141.18 1.8093e-17
141.23 1.8064e-17
141.28 1.8036e-17
141.33 1.8007e-17
141.38 1.8090e-17
141.43 1.8173e-17
141.48 1.8255e-17
141.53 1.8340e-17
141.58 1.8430e-17
141.63 1.8520e-17
141.68 1.8610e-17
141.73 1.8692e-17
141.78 1.8764e-17
141.83 1.8836e-17
141.88 1.8907e-17
141.93 1.8968e-17
141.98 1.9023e-17
142.03 1.9078e-17
142.08 1.9133e-17
142.13 1.9189e-17
142.18 1.9247e-17
142.23 1.9304e-17
142.28 1.9364e-17
142.33 1.9450e-17
142.38 1.9537e-17
142.43 1.9624e-17
142.48 1.9720e-17
142.53 1.9836e-17
142.58 1.9953e-17
142.63 2.0069e-17
142.68 2.0196e-17
142.73 2.0331e-17
142.78 2.0466e-17
142.83 2.0601e-17
142.88 2.0746e-17
142.93 2.0894e-17
142.98 2.1041e-17
143.03 2.1189e-17
143.08 2.1274e-17
143.13 2.1357e-17
143.18 2.1440e-17
143.23 2.1493e-17
143.28 2.1426e-17
143.33 2.1359e-17
143.38 2.1292e-17
143.43 2.1200e-17
143.48 2.1072e-17
143.53 2.0945e-17
143.58 2.0817e-17
143.63 2.0699e-17
143.68 2.0587e-17
143.73 2.0474e-17
143.78 2.0361e-17
143.83 2.0306e-17
143.88 2.0257e-17
143.93 2.0209e-17
143.98 2.0170e-17
144.03 2.0206e-17
144.08 2.0242e-17
144.13 2.0278e-17
144.18 2.0358e-17
144.23 2.0532e-17
144.28 2.0706e-17
144.33 2.0880e-17
144.38 2.1091e-17
144.43 2.1331e-17
144.48 2.1571e-17
144.53 2.1811e-17
144.58 2.1992e-17
144.63 2.2155e-17
144.68 2.2318e-17
144.73 2.2482e-17
144.78 2.2482e-17
144.83 2.2482e-17
144.88 2.2482e-17
144.93 2.2475e-17
144.98 2.2445e-17
145.03 2.2415e-17
145.08 2.2385e-17
145.13 2.2401e-17
145.18 2.2470e-17
145.23 2.2540e-17
145.28 2.2610e-17
145.33 2.2739e-17
145.38 2.2893e-17
145.43 2.3048e-17
145.48 2.3202e-17
145.53 2.3322e-17
145.58 2.3438e-17
145.63 2.3555e-17
145.68 2.3655e-17
145.73 2.3671e-17
145.78 2.3686e-17
145.83 2.3702e-17
145.88 2.3710e-17
145.93 2.3705e-17
145.98 2.3701e-17
146.03 2.3697e-17
146.08 2.3658e-17
146.13 2.3597e-17
146.18 2.3537e-17
146.23 2.3476e-17
146.28 2.3310e-17
146.33 2.3124e-17
146.38 2.2939e-17
146.43 2.2755e-17
146.48 2.2593e-17
146.53 2.2431e-17
146.58 2.2270e-17
146.63 2.2130e-17
146.68 2.2043e-17
146.73 2.1956e-17
146.78 2.1869e-17
146.83 2.1831e-17
146.88 2.1834e-17
146.93 2.1837e-17
146.98 2.1840e-17
147.03 2.1871e-17
147.08 2.1910e-17
147.13 2.1949e-17
147.18 2.1986e-17
147.23 2.1890e-17
147.28 2.1795e-17
147.33 2.1700e-17
147.38 2.1592e-17
147.43 2.1443e-17
147.48 2.1294e-17
147.53 2.1145e-17
147.58 2.1037e-17
147.63 2.0972e-17
147.68 2.0906e-17
147.73 2.0841e-17
147.78 2.0829e-17
147.83 2.0837e-17
147.88 2.0845e-17
147.93 2.0853e-17
147.98 2.0838e-17
148.03 2.0822e-17
148.08 2.0807e-17
148.13 2.0794e-17
148.18 2.0791e-17
148.23 2.0788e-17
148.28 2.0785e-17
148.33 2.0827e-17
148.38 2.0926e-17
148.43 2.1026e-17
148.48 2.1125e-17
148.53 2.1256e-17
148.58 2.1405e-17
148.63 2.1553e-17
148.68 2.1701e-17
148.73 2.1794e-17
148.78 2.1882e-17
148.83 2.1969e-17
148.88 2.2032e-17
148.93 2.1951e-17
148.98 2.1870e-17
149.03 2.1789e-17
149.08 2.1679e-17
149.13 2.1522e-17
149.18 2.1365e-17
149.23 2.1208e-17
149.28 2.1038e-17
149.33 2.0860e-17
149.38 2.0682e-17
149.43 2.0504e-17
149.48 2.0310e-17
149.53 2.0113e-17
149.58 1.9916e-17
149.63 1.9736e-17
149.68 1.9682e-17
149.73 1.9629e-17
149.78 1.9575e-17
149.83 1.9548e-17
149.88 1.9567e-17
149.93 1.9586e-17
149.98 1.9606e-17
150.03 1.9567e-17
150.08 1.9491e-17
150.13 1.9415e-17
150.18 1.9338e-17
150.23 1.9245e-17
150.28 1.9148e-17
150.33 1.9052e-17
150.38 1.8954e-17
150.43 1.8837e-17
150.48 1.8721e-17
150.53 1.8605e-17
150.58 1.8427e-17
150.63 1.8129e-17
150.68 1.7832e-17
150.73 1.7534e-17
150.78 1.7192e-17
150.83 1.6817e-17
150.88 1.6442e-17
150.93 1.6066e-17
150.98 1.5832e-17
151.03 1.5628e-17
151.08 1.5424e-17
151.13 1.5231e-17
151.18 1.5161e-17
151.23 1.5092e-17
151.28 1.5023e-17
151.33 1.4967e-17
151.38 1.4939e-17
151.43 1.4911e-17
151.48 1.4883e-17
151.53 1.4868e-17
151.58 1.4864e-17
151.63 1.4859e-17
151.68 1.4855e-17
151.73 1.4889e-17
151.78 1.4931e-17
151.83 1.4974e-17
151.88 1.5015e-17
151.93 1.5047e-17
151.98 1.5078e-17
152.03 1.5109e-17
152.08 1.5126e-17
152.13 1.5110e-17
152.18 1.5095e-17
152.23 1.5079e-17
152.28 1.5065e-17
152.33 1.5052e-17
152.38 1.5038e-17
152.43 1.5024e-17
152.48 1.5093e-17
152.53 1.5180e-17
152.58 1.5268e-17
152.63 1.5358e-17
152.68 1.5499e-17
152.73 1.5640e-17
152.78 1.5782e-17
152.83 1.5900e-17
152.88 1.5970e-17
152.93 1.6040e-17
152.98 1.6110e-17
153.03 1.6123e-17
153.08 1.6091e-17
153.13 1.6059e-17
153.18 1.6028e-17
153.23 1.5870e-17
153.28 1.5685e-17
153.33 1.5499e-17
153.38 1.5312e-17
153.43 1.5100e-17
153.48 1.4887e-17
153.53 1.4675e-17
153.58 1.4489e-17
153.63 1.4354e-17
153.68 1.4220e-17
153.73 1.4086e-17
153.78 1.3990e-17
153.83 1.3921e-17
153.88 1.3853e-17
153.93 1.3785e-17
153.98 1.3683e-17
154.03 1.3575e-17
154.08 1.3467e-17
154.13 1.3358e-17
154.18 1.3237e-17
154.23 1.3117e-17
154.28 1.2996e-17
154.33 1.2911e-17
154.38 1.2886e-17
154.43 1.2862e-17
154.48 1.2837e-17
154.53 1.2924e-17
154.58 1.3084e-17
154.63 1.3245e-17
154.68 1.3406e-17
154.73 1.3668e-17
154.78 1.3947e-17
154.83 1.4226e-17
154.88 1.4480e-17
154.93 1.4543e-17
154.98 1.4606e-17
155.03 1.4669e-17
155.08 1.4651e-17
155.13 1.4498e-17
155.18 1.4346e-17
155.23 1.4194e-17
155.28 1.4059e-17
155.33 1.3932e-17
155.38 1.3807e-17
155.43 1.3680e-17
155.48 1.3624e-17
155.53 1.3575e-17
155.58 1.3526e-17
155.63 1.3483e-17
155.68 1.3465e-17
155.73 1.3448e-17
155.78 1.3430e-17
155.83 1.3414e-17
155.88 1.3401e-17
155.93 1.3387e-17
155.98 1.3374e-17
156.03 1.3353e-17
156.08 1.3329e-17
156.13 1.3305e-17
156.18 1.3281e-17
156.23 1.3252e-17
156.28 1.3222e-17
156.33 1.3192e-17
156.38 1.3160e-17
156.43 1.3123e-17
156.48 1.3087e-17
156.53 1.3050e-17
156.58 1.3007e-17
156.63 1.2956e-17
156.68 1.2906e-17
156.73 1.2855e-17
156.78 1.2790e-17
156.83 1.2720e-17
156.88 1.2650e-17
156.93 1.2579e-17
156.98 1.2507e-17
157.03 1.2435e-17
157.08 1.2363e-17
157.13 1.2295e-17
157.18 1.2240e-17
157.23 1.2186e-17
157.28 1.2131e-17
157.33 1.2097e-17
157.38 1.2080e-17
157.43 1.2063e-17
157.48 1.2046e-17
157.53 1.2073e-17
157.58 1.2110e-17
157.63 1.2148e-17
157.68 1.2189e-17
157.73 1.2275e-17
157.78 1.2361e-17
157.83 1.2447e-17
157.88 1.2542e-17
157.93 1.2654e-17
157.98 1.2767e-17
158.03 1.2879e-17
158.08 1.3010e-17
158.13 1.3154e-17
158.18 1.3299e-17
158.23 1.3443e-17
158.28 1.3618e-17
158.33 1.3798e-17
158.38 1.3977e-17
158.43 1.4159e-17
158.48 1.4355e-17
158.53 1.4550e-17
158.58 1.4746e-17
158.63 1.4949e-17
158.68 1.5164e-17
158.73 1.5378e-17
158.78 1.5593e-17
158.83 1.5787e-17
158.88 1.5972e-17
158.93 1.6157e-17
158.98 1.6342e-17
159.03 1.6463e-17
159.08 1.6579e-17
159.13 1.6696e-17
159.18 1.6806e-17
159.23 1.6893e-17
159.28 1.6980e-17
159.33 1.7068e-17
159.38 1.7160e-17
159.43 1.7258e-17
159.48 1.7356e-17
159.53 1.7454e-17
159.58 1.7517e-17
159.63 1.7569e-17
159.68 1.7620e-17
159.73 1.7670e-17
159.78 1.7670e-17
159.83 1.7669e-17
159.88 1.7668e-17
159.93 1.7663e-17
159.98 1.7649e-17
160.03 1.7634e-17
160.08 1.7620e-17
160.13 1.7575e-17
160.18 1.7508e-17
160.23 1.7441e-17
160.28 1.7374e-17
160.33 1.7267e-17
160.38 1.7153e-17
160.43 1.7039e-17
160.48 1.6924e-17
160.53 1.6805e-17
160.58 1.6685e-17
160.63 1.6566e-17
160.68 1.6488e-17
160.73 1.6466e-17
160.78 1.6444e-17
160.83 1.6422e-17
160.88 1.6463e-17
160.93 1.6533e-17
160.98 1.6604e-17
161.03 1.6674e-17
161.08 1.6786e-17
161.13 1.6899e-17
161.18 1.7011e-17
161.23 1.7127e-17
161.28 1.7249e-17
161.33 1.7372e-17
161.38 1.7495e-17
161.43 1.7621e-17
161.48 1.7751e-17
161.53 1.7882e-17
161.58 1.8012e-17
161.63 1.8152e-17
161.68 1.8294e-17
161.73 1.8437e-17
161.78 1.8579e-17
161.83 1.8715e-17
161.88 1.8851e-17
161.93 1.8987e-17
161.98 1.9120e-17
162.03 1.9250e-17
162.08 1.9380e-17
162.13 1.9509e-17
162.18 1.9664e-17
162.23 1.9833e-17
162.28 2.0001e-17
162.33 2.0170e-17
162.38 2.0404e-17
162.43 2.0643e-17
162.48 2.0883e-17
162.53 2.1112e-17
162.58 2.1299e-17
162.63 2.1486e-17
162.68 2.1673e-17
162.73 2.1817e-17
162.78 2.1914e-17
162.83 2.2011e-17
162.88 2.2108e-17
162.93 2.2170e-17
162.98 2.2221e-17
163.03 2.2272e-17
163.08 2.2321e-17
163.13 2.2351e-17
163.18 2.2381e-17
163.23 2.2411e-17
163.28 2.2447e-17
163.33 2.2496e-17
163.38 2.2544e-17
163.43 2.2593e-17
163.48 2.2582e-17
163.53 2.2534e-17
163.58 2.2486e-17
163.63 2.2438e-17
163.68 2.2302e-17
163.73 2.2156e-17
163.78 2.2010e-17
163.83 2.1873e-17
163.88 2.1769e-17
163.93 2.1666e-17
163.98 2.1562e-17
164.03 2.1505e-17
164.08 2.1499e-17
164.13 2.1492e-17
164.18 2.1485e-17
164.23 2.1515e-17
164.28 2.1556e-17
164.33 2.1597e-17
164.38 2.1641e-17
164.43 2.1729e-17
164.48 2.1817e-17
164.53 2.1906e-17
164.58 2.2002e-17
164.63 2.2114e-17
164.68 2.2226e-17
164.73 2.2338e-17
164.78 2.2443e-17
164.83 2.2544e-17
164.88 2.2645e-17
164.93 2.2745e-17
164.98 2.2863e-17
165.03 2.2982e-17
165.08 2.3101e-17
165.13 2.3223e-17
165.18 2.3354e-17
165.23 2.3485e-17
165.28 2.3617e-17
165.33 2.3756e-17
165.38 2.3903e-17
165.43 2.4050e-17
165.48 2.4197e-17
165.53 2.4323e-17
165.58 2.4442e-17
165.63 2.4562e-17
165.68 2.4678e-17
165.73 2.4753e-17
165.78 2.4827e-17
165.83 2.4902e-17
165.88 2.4967e-17
165.93 2.5018e-17
165.98 2.5068e-17
166.03 2.5119e-17
166.08 2.5171e-17
166.13 2.5225e-17
166.18 2.5278e-17
166.23 2.5331e-17
166.28 2.5395e-17
166.33 2.5460e-17
166.38 2.5525e-17
166.43 2.5597e-17
166.48 2.5690e-17
166.53 2.5782e-17
166.58 2.5875e-17
166.63 2.5972e-17
166.68 2.6073e-17
166.73 2.6174e-17
166.78 2.6275e-17
166.83 2.6372e-17
166.88 2.6469e-17
166.93 2.6566e-17
166.98 2.6662e-17
167.03 2.6752e-17
167.08 2.6842e-17
167.13 2.6932e-17
167.18 2.7025e-17
167.23 2.7121e-17
167.28 2.7218e-17
167.33 2.7314e-17
167.38 2.7410e-17
167.43 2.7505e-17
167.48 2.7601e-17
167.53 2.7696e-17
167.58 2.7801e-17
167.63 2.7905e-17
167.68 2.8009e-17
167.73 2.8115e-17
167.78 2.8223e-17
167.83 2.8331e-17
167.88 2.8440e-17
167.93 2.8554e-17
167.98 2.8673e-17
168.03 2.8792e-17
168.08 2.8910e-17
168.13 2.9042e-17
168.18 2.9176e-17
168.23 2.9309e-17
168.28 2.9447e-17
168.33 2.9604e-17
168.38 2.9761e-17
168.43 2.9918e-17
168.48 3.0085e-17
168.53 3.0262e-17
168.58 3.0438e-17
168.63 3.0614e-17
168.68 3.0785e-17
168.73 3.0955e-17
168.78 3.1125e-17
168.83 3.1293e-17
168.88 3.1452e-17
168.93 3.1611e-17
168.98 3.1770e-17
169.03 3.1927e-17
169.08 3.2080e-17
169.13 3.2233e-17
169.18 3.2386e-17
169.23 3.2531e-17
169.28 3.2673e-17
169.33 3.2815e-17
169.38 3.2956e-17
169.43 3.3079e-17
169.48 3.3201e-17
169.53 3.3324e-17
169.58 3.3442e-17
169.63 3.3549e-17
169.68 3.3657e-17
169.73 3.3764e-17
169.78 3.3868e-17
169.83 3.3969e-17
169.88 3.4070e-17
169.93 3.4172e-17
169.98 3.4266e-17
170.03 3.4361e-17
170.08 3.4455e-17
170.13 3.4552e-17
170.18 3.4658e-17
170.23 3.4764e-17
170.28 3.4870e-17
170.33 3.4975e-17
170.38 3.5079e-17
170.43 3.5183e-17
170.48 3.5287e-17
170.53 3.5386e-17
170.58 3.5484e-17
170.63 3.5582e-17
170.68 3.5683e-17
170.73 3.5802e-17
170.78 3.5920e-17
170.83 3.6038e-17
170.88 3.6153e-17
170.93 3.6264e-17
170.98 3.6375e-17
171.03 3.6486e-17
171.08 3.6586e-17
171.13 3.6683e-17
171.18 3.6780e-17
171.23 3.6875e-17
171.28 3.6952e-17
171.33 3.7029e-17
171.38 3.7106e-17
171.43 3.7181e-17
171.48 3.7254e-17
171.53 3.7326e-17
171.58 3.7399e-17
171.63 3.7454e-17
171.68 3.7500e-17
171.73 3.7546e-17
171.78 3.7593e-17
171.83 3.7659e-17
171.88 3.7724e-17
171.93 3.7790e-17
171.98 3.7845e-17
172.03 3.7879e-17
172.08 3.7913e-17
172.13 3.7947e-17
172.18 3.7977e-17
172.23 3.8006e-17
172.28 3.8035e-17
172.33 3.8064e-17
172.38 3.8091e-17
172.43 3.8118e-17
172.48 3.8145e-17
172.53 3.8160e-17
172.58 3.8139e-17
172.63 3.8118e-17
172.68 3.8097e-17
172.73 3.8089e-17
172.78 3.8089e-17
172.83 3.8090e-17
172.88 3.8091e-17
172.93 3.8105e-17
172.98 3.8121e-17
173.03 3.8137e-17
173.08 3.8149e-17
173.13 3.8145e-17
173.18 3.8141e-17
173.23 3.8137e-17
173.28 3.8145e-17
173.33 3.8164e-17
173.38 3.8183e-17
173.43 3.8202e-17
173.48 3.8194e-17
173.53 3.8181e-17
173.58 3.8169e-17
173.63 3.8157e-17
173.68 3.8154e-17
173.73 3.8152e-17
173.78 3.8149e-17
173.83 3.8147e-17
173.88 3.8147e-17
173.93 3.8147e-17
173.98 3.8147e-17
174.03 3.8152e-17
174.08 3.8159e-17
174.13 3.8165e-17
174.18 3.8170e-17
174.23 3.8161e-17
174.28 3.8153e-17
174.33 3.8145e-17
174.38 3.8136e-17
174.43 3.8124e-17
174.48 3.8113e-17
174.53 3.8102e-17
174.58 3.8113e-17
174.63 3.8131e-17
174.68 3.8150e-17
174.73 3.8168e-17
174.78 3.8176e-17
174.83 3.8185e-17
174.88 3.8194e-17
174.93 3.8205e-17
174.98 3.8220e-17
175.03 3.8236e-17
175.08 3.8251e-17
175.13 3.8253e-17
175.18 3.8249e-17
175.23 3.8245e-17
175.28 3.8242e-17
175.33 3.8249e-17
175.38 3.8256e-17
175.43 3.8262e-17
175.48 3.8267e-17
175.53 3.8268e-17
175.58 3.8268e-17
175.63 3.8269e-17
175.68 3.8259e-17
175.73 3.8243e-17
175.78 3.8227e-17
175.83 3.8211e-17
175.88 3.8155e-17
175.93 3.8099e-17
175.98 3.8042e-17
176.03 3.7975e-17
176.08 3.7884e-17
176.13 3.7792e-17
176.18 3.7701e-17
176.23 3.7601e-17
176.28 3.7496e-17
176.33 3.7392e-17
176.38 3.7287e-17
176.43 3.7162e-17
176.48 3.7036e-17
176.53 3.6911e-17
176.58 3.6779e-17
176.63 3.6635e-17
176.68 3.6491e-17
176.73 3.6347e-17
176.78 3.6210e-17
176.83 3.6079e-17
176.88 3.5948e-17
176.93 3.5817e-17
176.98 3.5673e-17
177.03 3.5528e-17
177.08 3.5384e-17
177.13 3.5240e-17
177.18 3.5097e-17
177.23 3.4954e-17
177.28 3.4811e-17
177.33 3.4665e-17
177.38 3.4518e-17
177.43 3.4371e-17
177.48 3.4223e-17
177.53 3.4085e-17
177.58 3.3947e-17
177.63 3.3809e-17
177.68 3.3668e-17
177.73 3.3518e-17
177.78 3.3368e-17
177.83 3.3219e-17
177.88 3.3085e-17
177.93 3.2963e-17
177.98 3.2841e-17
178.03 3.2719e-17
178.08 3.2597e-17
178.13 3.2474e-17
178.18 3.2351e-17
178.23 3.2224e-17
178.28 3.2085e-17
178.33 3.1946e-17
178.38 3.1808e-17
178.43 3.1683e-17
178.48 3.1568e-17
178.53 3.1453e-17
178.58 3.1337e-17
178.63 3.1207e-17
178.68 3.1075e-17
178.73 3.0943e-17
178.78 3.0812e-17
178.83 3.0688e-17
178.88 3.0564e-17
178.93 3.0440e-17
178.98 3.0321e-17
179.03 3.0207e-17
179.08 3.0093e-17
179.13 2.9979e-17
179.18 2.9870e-17
179.23 2.9762e-17
179.28 2.9654e-17
179.33 2.9544e-17
179.38 2.9428e-17
179.43 2.9312e-17
179.48 2.9196e-17
179.53 2.9080e-17
179.58 2.8964e-17
179.63 2.8848e-17
179.68 2.8732e-17
179.73 2.8612e-17
179.78 2.8492e-17
179.83 2.8372e-17
179.88 2.8251e-17
179.93 2.8125e-17
179.98 2.7999e-17
180.03 2.7873e-17
180.08 2.7736e-17
180.13 2.7592e-17
180.18 2.7448e-17
180.23 2.7304e-17
180.28 2.7163e-17
180.33 2.7023e-17
180.38 2.6883e-17
180.43 2.6737e-17
180.48 2.6579e-17
180.53 2.6421e-17
180.58 2.6263e-17
180.63 2.6115e-17
180.68 2.5974e-17
180.73 2.5833e-17
180.78 2.5692e-17
180.83 2.5541e-17
180.88 2.5390e-17
180.93 2.5239e-17
180.98 2.5087e-17
181.03 2.4933e-17
181.08 2.4780e-17
181.13 2.4626e-17
181.18 2.4465e-17
181.23 2.4299e-17
181.28 2.4133e-17
181.33 2.3967e-17
181.38 2.3793e-17
181.43 2.3619e-17
181.48 2.3445e-17
181.53 2.3264e-17
181.58 2.3069e-17
181.63 2.2874e-17
181.68 2.2680e-17
181.73 2.2487e-17
181.78 2.2296e-17
181.83 2.2105e-17
181.88 2.1915e-17
181.93 2.1735e-17
181.98 2.1555e-17
182.03 2.1375e-17
182.08 2.1201e-17
182.13 2.1039e-17
182.18 2.0877e-17
182.23 2.0714e-17
182.28 2.0555e-17
182.33 2.0396e-17
182.38 2.0237e-17
182.43 2.0079e-17
182.48 1.9940e-17
182.53 1.9802e-17
182.58 1.9664e-17
182.63 1.9519e-17
182.68 1.9360e-17
182.73 1.9202e-17
182.78 1.9043e-17
182.83 1.8887e-17
182.88 1.8731e-17
182.93 1.8576e-17
182.98 1.8420e-17
183.03 1.8262e-17
183.08 1.8104e-17
183.13 1.7947e-17
183.18 1.7795e-17
183.23 1.7655e-17
183.28 1.7514e-17
183.33 1.7373e-17
183.38 1.7247e-17
183.43 1.7126e-17
183.48 1.7005e-17
183.53 1.6887e-17
183.58 1.6806e-17
183.63 1.6726e-17
183.68 1.6645e-17
183.73 1.6568e-17
183.78 1.6495e-17
183.83 1.6422e-17
183.88 1.6350e-17
183.93 1.6276e-17
183.98 1.6203e-17
184.03 1.6130e-17
184.08 1.6054e-17
184.13 1.5954e-17
184.18 1.5853e-17
184.23 1.5753e-17
184.28 1.5635e-17
184.33 1.5496e-17
184.38 1.5357e-17
184.43 1.5218e-17
184.48 1.5065e-17
184.53 1.4909e-17
184.58 1.4752e-17
184.63 1.4597e-17
184.68 1.4447e-17
184.73 1.4297e-17
184.78 1.4147e-17
184.83 1.4010e-17
184.88 1.3886e-17
184.93 1.3761e-17
184.98 1.3637e-17
185.03 1.3512e-17
185.08 1.3387e-17
185.13 1.3263e-17
185.18 1.3137e-17
185.23 1.3007e-17
185.28 1.2876e-17
185.33 1.2746e-17
185.38 1.2611e-17
185.43 1.2471e-17
185.48 1.2331e-17
185.53 1.2192e-17
185.58 1.2046e-17
185.63 1.1899e-17
185.68 1.1753e-17
185.73 1.1610e-17
185.78 1.1477e-17
185.83 1.1345e-17
185.88 1.1213e-17
185.93 1.1097e-17
185.98 1.0992e-17
186.03 1.0886e-17
186.08 1.0781e-17
186.13 1.0697e-17
186.18 1.0613e-17
186.23 1.0530e-17
186.28 1.0450e-17
186.33 1.0379e-17
186.38 1.0307e-17
186.43 1.0236e-17
186.48 1.0159e-17
186.53 1.0080e-17
186.58 1.0000e-17
186.63 9.920e-18
186.68 9.822e-18
186.73 9.724e-18
186.78 9.625e-18
186.83 9.521e-18
186.88 9.407e-18
186.93 9.294e-18
186.98 9.181e-18
187.03 9.068e-18
187.08 8.956e-18
187.13 8.844e-18
187.18 8.733e-18
187.23 8.634e-18
187.28 8.534e-18
187.33 8.435e-18
187.38 8.349e-18
187.43 8.279e-18
187.48 8.208e-18
187.53 8.138e-18
187.58 8.093e-18
187.63 8.053e-18
187.68 8.013e-18
187.73 7.976e-18
187.78 7.951e-18
187.83 7.926e-18
187.88 7.901e-18
187.93 7.877e-18
187.98 7.854e-18
188.03 7.831e-18
188.08 7.808e-18
188.13 7.762e-18
188.18 7.714e-18
188.23 7.666e-18
188.28 7.612e-18
188.33 7.545e-18
188.38 7.478e-18
188.43 7.410e-18
188.48 7.340e-18
188.53 7.269e-18
188.58 7.197e-18
188.63 7.126e-18
188.68 7.070e-18
188.73 7.013e-18
188.78 6.956e-18
188.83 6.913e-18
188.88 6.890e-18
188.93 6.866e-18
188.98 6.843e-18
189.03 6.840e-18
189.08 6.845e-18
189.13 6.849e-18
189.18 6.854e-18
189.23 6.866e-18
189.28 6.878e-18
189.33 6.890e-18
189.38 6.886e-18
189.43 6.865e-18
189.48 6.845e-18
189.53 6.824e-18
189.58 6.742e-18
189.63 6.651e-18
189.68 6.559e-18
189.73 6.455e-18
189.78 6.307e-18
189.83 6.159e-18
189.88 6.011e-18
189.93 5.853e-18
189.98 5.686e-18
190.03 5.520e-18
190.08 5.354e-18
190.13 5.201e-18
190.18 5.048e-18
190.23 4.896e-18
190.28 4.750e-18
190.33 4.619e-18
190.38 4.488e-18
190.43 4.357e-18
190.48 4.241e-18
190.53 4.131e-18
190.58 4.021e-18
190.63 3.912e-18
190.68 3.821e-18
190.73 3.730e-18
190.78 3.640e-18
190.83 3.555e-18
190.88 3.478e-18
190.93 3.401e-18
190.98 3.324e-18
191.03 3.253e-18
191.08 3.183e-18
191.13 3.113e-18
191.18 3.044e-18
191.23 2.980e-18
191.28 2.915e-18
191.33 2.851e-18
191.38 2.789e-18
191.43 2.729e-18
191.48 2.670e-18
191.53 2.610e-18
191.58 2.558e-18
191.63 2.508e-18
191.68 2.457e-18
191.73 2.407e-18
191.78 2.356e-18
191.83 2.305e-18
191.88 2.254e-18
191.93 2.209e-18
191.98 2.167e-18
192.03 2.124e-18
192.08 2.082e-18
192.13 2.044e-18
192.18 2.007e-18
192.23 1.969e-18
192.28 1.932e-18
192.33 1.896e-18
192.38 1.859e-18
192.43 1.823e-18
192.48 1.787e-18
192.53 1.752e-18
192.58 1.717e-18
192.63 1.683e-18
192.68 1.655e-18
192.73 1.626e-18
192.78 1.598e-18
192.83 1.570e-18
192.88 1.543e-18
192.93 1.516e-18
192.98 1.489e-18
193.03 1.463e-18
193.08 1.437e-18
193.13 1.411e-18
193.18 1.385e-18
193.23 1.359e-18
193.28 1.333e-18
193.33 1.307e-18
193.38 1.285e-18
193.43 1.266e-18
193.48 1.247e-18
193.53 1.227e-18
193.58 1.206e-18
193.63 1.185e-18
193.68 1.164e-18
193.73 1.142e-18
193.78 1.121e-18
193.83 1.100e-18
193.88 1.079e-18
193.93 1.062e-18
193.98 1.047e-18
194.03 1.032e-18
194.08 1.016e-18
194.13 1.002e-18
194.18 9.87e-19
194.23 9.72e-19
194.28 9.59e-19
194.33 9.47e-19
194.38 9.35e-19
194.43 9.24e-19
194.48 9.08e-19
194.53 8.92e-19
194.58 8.76e-19
194.63 8.61e-19
194.68 8.46e-19
194.73 8.32e-19
194.78 8.17e-19
194.83 8.01e-19
194.88 7.85e-19
194.93 7.69e-19
194.98 7.53e-19
195.03 7.38e-19
195.08 7.23e-19
195.13 7.08e-19
195.18 6.94e-19
195.23 6.79e-19
195.28 6.64e-19
195.33 6.49e-19
195.38 6.39e-19
195.43 6.29e-19
195.48 6.19e-19
195.53 6.09e-19
195.58 5.96e-19
195.63 5.84e-19
195.68 5.72e-19
195.73 5.62e-19
195.78 5.52e-19
195.83 5.42e-19
195.88 5.32e-19
195.93 5.23e-19
195.98 5.14e-19
196.03 5.05e-19
196.08 4.96e-19
196.13 4.88e-19
196.18 4.80e-19
196.23 4.72e-19
196.28 4.66e-19
196.33 4.61e-19
196.37 4.55e-19
196.43 4.50e-19
196.48 4.45e-19
196.52 4.40e-19
196.58 4.36e-19
196.63 4.29e-19
196.67 4.22e-19
196.73 4.15e-19
196.78 4.07e-19
196.83 4.01e-19
196.88 3.95e-19
196.93 3.89e-19
196.97 3.83e-19
197.02 3.77e-19
197.08 3.72e-19
197.12 3.66e-19
197.18 3.62e-19
197.22 3.59e-19
197.27 3.56e-19
197.33 3.53e-19
197.37 3.46e-19
197.42 3.38e-19
197.47 3.31e-19
197.52 3.27e-19
197.58 3.26e-19
197.62 3.25e-19
197.67 3.23e-19
197.73 3.20e-19
197.77 3.17e-19
197.83 3.14e-19
197.87 3.11e-19
197.92 3.07e-19
197.97 3.04e-19
198.02 3.00e-19
198.08 2.96e-19
198.12 2.92e-19
198.17 2.88e-19
198.22 2.84e-19
198.27 2.82e-19
198.32 2.80e-19
198.37 2.78e-19
198.42 2.75e-19
198.47 2.71e-19
198.52 2.67e-19
198.57 2.63e-19
198.62 2.59e-19
198.67 2.55e-19
198.72 2.51e-19
198.77 2.47e-19
198.82 2.47e-19
198.87 2.46e-19
198.92 2.46e-19
198.97 2.45e-19
199.02 2.43e-19
199.07 2.42e-19
199.12 2.40e-19
199.17 2.33e-19
199.22 2.27e-19
199.27 2.20e-19
199.32 2.17e-19
199.37 2.18e-19
199.42 2.18e-19
199.47 2.19e-19
199.52 2.20e-19
199.57 2.20e-19
199.62 2.21e-19
199.67 2.21e-19
199.72 2.19e-19
199.77 2.18e-19
199.82 2.17e-19
199.87 2.14e-19
199.92 2.12e-19
199.97 2.09e-19
200.02 2.06e-19
200.07 2.04e-19
200.12 2.01e-19
200.17 1.99e-19
200.22 1.98e-19
200.27 2.00e-19
200.32 2.02e-19
200.37 2.04e-19
200.42 2.02e-19
200.47 1.99e-19
200.52 1.96e-19
200.57 1.93e-19
200.62 1.91e-19
200.67 1.88e-19
200.72 1.86e-19
200.77 1.86e-19
200.82 1.87e-19
200.87 1.88e-19
200.92 1.88e-19
200.97 1.84e-19
201.02 1.81e-19
201.07 1.77e-19
201.12 1.75e-19
201.17 1.76e-19
201.22 1.76e-19
201.27 1.76e-19
201.32 1.78e-19
201.37 1.79e-19
201.42 1.81e-19
201.47 1.82e-19
201.52 1.81e-19
201.57 1.81e-19
201.62 1.81e-19
201.67 1.79e-19
201.72 1.76e-19
201.77 1.73e-19
201.82 1.71e-19
201.87 1.70e-19
201.92 1.69e-19
201.97 1.69e-19
202.02 1.69e-19
202.07 1.70e-19
202.12 1.71e-19
202.17 1.72e-19
202.22 1.70e-19
202.27 1.67e-19
202.32 1.65e-19
202.37 1.63e-19
202.42 1.62e-19
202.47 1.61e-19
202.52 1.60e-19
202.57 1.61e-19
202.62 1.62e-19
202.67 1.64e-19
202.72 1.65e-19
202.77 1.62e-19
202.82 1.59e-19
202.87 1.57e-19
202.92 1.57e-19
202.97 1.59e-19
203.02 1.61e-19
203.07 1.63e-19
203.12 1.61e-19
203.17 1.58e-19
203.22 1.55e-19
203.27 1.53e-19
203.32 1.52e-19
203.37 1.51e-19
203.42 1.50e-19
203.47 1.52e-19
203.52 1.56e-19
203.57 1.60e-19
203.62 1.63e-19
203.67 1.60e-19
203.72 1.57e-19
203.77 1.54e-19
203.82 1.53e-19
203.87 1.53e-19
203.92 1.53e-19
203.97 1.53e-19
204.02 1.52e-19
204.07 1.51e-19
204.12 1.49e-19
204.17 1.49e-19
204.22 1.48e-19
204.27 1.48e-19
204.32 1.47e-19
204.37 1.47e-19
204.42 1.47e-19
204.47 1.47e-19
204.52 1.47e-19
204.57 1.46e-19
204.62 1.45e-19
204.67 1.44e-19
204.72 1.44e-19
204.77 1.45e-19
204.82 1.46e-19
204.87 1.47e-19
204.92 1.47e-19
204.97 1.47e-19
205.02 1.48e-19
205.07 1.48e-19
205.12 1.48e-19
205.17 1.48e-19
205.22 1.49e-19
205.27 1.47e-19
205.32 1.46e-19
205.37 1.45e-19
205.42 1.43e-19
205.47 1.42e-19
205.52 1.41e-19
205.57 1.39e-19
205.62 1.39e-19
205.67 1.39e-19
205.72 1.39e-19
205.77 1.40e-19
205.82 1.41e-19
205.87 1.43e-19
205.92 1.44e-19
205.97 1.45e-19
206.02 1.45e-19
206.07 1.45e-19
206.12 1.45e-19
206.17 1.44e-19
206.22 1.43e-19
206.27 1.42e-19
206.32 1.42e-19
206.37 1.41e-19
206.42 1.41e-19
206.47 1.41e-19
206.52 1.41e-19
206.57 1.40e-19
206.62 1.40e-19
206.67 1.40e-19
206.72 1.39e-19
206.77 1.39e-19
206.82 1.38e-19
206.87 1.39e-19
206.92 1.39e-19
206.97 1.40e-19
207.02 1.41e-19
207.07 1.40e-19
207.12 1.39e-19
207.17 1.38e-19
207.22 1.38e-19
207.27 1.39e-19
207.32 1.40e-19
207.37 1.41e-19
207.42 1.41e-19
207.47 1.41e-19
207.52 1.41e-19
207.57 1.41e-19
207.62 1.41e-19
207.67 1.41e-19
207.72 1.40e-19
207.77 1.40e-19
207.82 1.39e-19
207.87 1.39e-19
207.92 1.38e-19
207.97 1.39e-19
208.02 1.39e-19
208.07 1.39e-19
208.12 1.40e-19
208.17 1.41e-19
208.22 1.42e-19
208.27 1.43e-19
208.32 1.42e-19
208.37 1.42e-19
208.42 1.42e-19
208.47 1.41e-19
208.52 1.40e-19
208.57 1.38e-19
208.62 1.36e-19
208.67 1.36e-19
208.72 1.35e-19
208.77 1.34e-19
208.82 1.34e-19
208.87 1.34e-19
208.92 1.35e-19
208.97 1.35e-19
209.02 1.34e-19
209.07 1.33e-19
209.12 1.32e-19
209.17 1.31e-19
209.22 1.29e-19
209.27 1.28e-19
209.32 1.27e-19
209.37 1.29e-19
209.42 1.34e-19
209.47 1.39e-19
209.52 1.44e-19
209.57 1.42e-19
209.62 1.41e-19
209.67 1.39e-19
209.72 1.37e-19
209.77 1.36e-19
209.82 1.35e-19
209.87 1.34e-19
209.92 1.33e-19
209.97 1.33e-19
210.02 1.33e-19
210.07 1.34e-19
210.12 1.38e-19
210.17 1.43e-19
210.22 1.47e-19
210.27 1.45e-19
210.32 1.41e-19
210.37 1.38e-19
210.42 1.35e-19
210.47 1.34e-19
210.52 1.34e-19
210.57 1.34e-19
210.62 1.33e-19
210.67 1.33e-19
210.72 1.33e-19
210.77 1.32e-19
210.82 1.34e-19
210.87 1.36e-19
210.92 1.38e-19
210.97 1.39e-19
211.02 1.40e-19
211.07 1.41e-19
211.12 1.42e-19
211.17 1.40e-19
211.22 1.37e-19
211.27 1.34e-19
211.32 1.32e-19
211.37 1.33e-19
211.42 1.34e-19
211.47 1.35e-19
211.52 1.36e-19
211.57 1.36e-19
211.62 1.37e-19
211.67 1.37e-19
211.72 1.36e-19
211.77 1.34e-19
211.82 1.33e-19
211.87 1.32e-19
211.92 1.31e-19
211.97 1.29e-19
212.02 1.29e-19
212.07 1.31e-19
212.12 1.34e-19
212.17 1.37e-19
212.22 1.38e-19
212.27 1.38e-19
212.32 1.38e-19
212.37 1.38e-19
212.42 1.37e-19
212.47 1.37e-19
212.52 1.37e-19
212.57 1.37e-19
212.62 1.37e-19
212.67 1.37e-19
212.72 1.37e-19
212.77 1.36e-19
212.82 1.35e-19
212.87 1.33e-19
212.92 1.32e-19
212.97 1.34e-19
213.02 1.35e-19
213.07 1.36e-19
213.12 1.35e-19
213.17 1.33e-19
213.22 1.32e-19
213.27 1.30e-19
213.32 1.31e-19
213.37 1.32e-19
213.42 1.32e-19
213.47 1.34e-19
213.52 1.36e-19
213.57 1.38e-19
213.62 1.40e-19
213.67 1.38e-19
213.72 1.35e-19
213.77 1.33e-19
213.82 1.32e-19
213.87 1.31e-19
213.92 1.31e-19
213.97 1.31e-19
214.02 1.32e-19
214.07 1.33e-19
214.12 1.34e-19
214.17 1.35e-19
214.22 1.35e-19
214.27 1.36e-19
214.32 1.36e-19
214.37 1.36e-19
214.42 1.35e-19
214.47 1.35e-19
214.52 1.35e-19
214.57 1.36e-19
214.62 1.36e-19
214.67 1.37e-19
214.72 1.37e-19
214.77 1.38e-19
214.82 1.38e-19
214.87 1.38e-19
214.92 1.38e-19
214.97 1.37e-19
215.02 1.37e-19
215.07 1.36e-19
215.12 1.36e-19
215.17 1.35e-19
215.22 1.34e-19
215.27 1.35e-19
215.32 1.36e-19
215.37 1.37e-19
215.42 1.36e-19
215.47 1.33e-19
215.52 1.31e-19
215.57 1.28e-19
215.62 1.31e-19
215.67 1.34e-19
215.72 1.37e-19
215.77 1.37e-19
215.82 1.36e-19
215.87 1.34e-19
215.92 1.33e-19
215.97 1.32e-19
216.02 1.31e-19
216.07 1.30e-19
216.12 1.30e-19
216.17 1.30e-19
216.22 1.30e-19
216.27 1.31e-19
216.32 1.31e-19
216.37 1.31e-19
216.42 1.31e-19
216.47 1.31e-19
216.52 1.31e-19
216.57 1.30e-19
216.62 1.30e-19
216.67 1.30e-19
216.72 1.30e-19
216.77 1.30e-19
216.82 1.30e-19
216.87 1.30e-19
216.92 1.30e-19
216.97 1.30e-19
217.02 1.28e-19
217.07 1.24e-19
217.12 1.21e-19
217.17 1.18e-19
217.22 1.20e-19
217.27 1.22e-19
217.32 1.24e-19
217.37 1.26e-19
217.42 1.26e-19
217.47 1.27e-19
217.52 1.28e-19
217.57 1.28e-19
217.62 1.28e-19
217.67 1.28e-19
217.72 1.28e-19
217.77 1.27e-19
217.82 1.26e-19
217.87 1.25e-19
217.92 1.24e-19
217.97 1.22e-19
218.02 1.21e-19
218.07 1.21e-19
218.12 1.23e-19
218.17 1.25e-19
218.22 1.27e-19
218.27 1.28e-19
218.32 1.29e-19
218.37 1.30e-19
218.42 1.30e-19
218.47 1.29e-19
218.52 1.28e-19
218.57 1.27e-19
218.62 1.27e-19
218.67 1.26e-19
218.72 1.25e-19
218.77 1.24e-19
218.82 1.23e-19
218.87 1.22e-19
218.92 1.21e-19
218.97 1.21e-19
219.02 1.23e-19
219.07 1.24e-19
219.12 1.25e-19
219.17 1.26e-19
219.22 1.27e-19
219.27 1.28e-19
219.32 1.27e-19
219.37 1.25e-19
219.42 1.23e-19
219.47 1.21e-19
219.52 1.22e-19
219.57 1.23e-19
219.62 1.24e-19
219.67 1.25e-19
219.72 1.27e-19
219.77 1.29e-19
219.82 1.31e-19
219.87 1.28e-19
219.92 1.25e-19
219.97 1.22e-19
220.02 1.21e-19
220.07 1.23e-19
220.12 1.24e-19
220.17 1.26e-19
220.22 1.26e-19
220.27 1.26e-19
220.32 1.26e-19
220.37 1.26e-19
220.42 1.27e-19
220.47 1.29e-19
220.52 1.30e-19
220.57 1.28e-19
220.62 1.26e-19
220.67 1.24e-19
220.72 1.22e-19
220.77 1.23e-19
220.82 1.23e-19
220.87 1.24e-19
220.92 1.25e-19
220.97 1.27e-19
221.02 1.29e-19
221.07 1.30e-19
221.12 1.28e-19
221.17 1.25e-19
221.22 1.23e-19
221.27 1.23e-19
221.32 1.23e-19
221.37 1.24e-19
221.42 1.25e-19
221.47 1.23e-19
221.52 1.21e-19
221.57 1.20e-19
221.62 1.20e-19
221.67 1.22e-19
221.72 1.23e-19
221.77 1.25e-19
221.82 1.24e-19
221.87 1.23e-19
221.92 1.22e-19
221.97 1.22e-19
222.02 1.22e-19
222.07 1.22e-19
222.12 1.21e-19
222.17 1.23e-19
222.22 1.24e-19
222.27 1.25e-19
222.32 1.25e-19
222.37 1.24e-19
222.42 1.24e-19
222.47 1.23e-19
222.52 1.25e-19
222.57 1.26e-19
222.62 1.28e-19
222.67 1.29e-19
222.72 1.28e-19
222.77 1.27e-19
222.82 1.27e-19
222.87 1.28e-19
222.92 1.30e-19
222.97 1.32e-19
223.02 1.32e-19
223.07 1.29e-19
223.12 1.25e-19
223.17 1.22e-19
223.22 1.23e-19
223.27 1.25e-19
223.32 1.26e-19
223.37 1.27e-19
223.42 1.25e-19
223.47 1.23e-19
223.52 1.21e-19
223.57 1.21e-19
223.62 1.20e-19
223.67 1.20e-19
223.72 1.20e-19
223.77 1.23e-19
223.82 1.26e-19
223.87 1.29e-19
223.92 1.30e-19
223.97 1.31e-19
224.02 1.31e-19
224.07 1.31e-19
224.12 1.28e-19
224.17 1.25e-19
224.22 1.22e-19
224.27 1.23e-19
224.32 1.25e-19
224.37 1.27e-19
224.42 1.28e-19
224.47 1.28e-19
224.52 1.27e-19
224.57 1.27e-19
224.62 1.25e-19
224.67 1.23e-19
224.72 1.21e-19
224.77 1.20e-19
224.82 1.21e-19
224.87 1.23e-19
224.92 1.24e-19
224.97 1.24e-19
225.02 1.22e-19
225.07 1.20e-19
225.12 1.19e-19
225.17 1.21e-19
225.22 1.23e-19
225.27 1.25e-19
225.32 1.25e-19
225.37 1.25e-19
225.42 1.24e-19
225.47 1.24e-19
225.52 1.24e-19
225.57 1.25e-19
225.62 1.26e-19
225.67 1.26e-19
225.72 1.25e-19
225.77 1.24e-19
225.82 1.23e-19
225.87 1.23e-19
225.92 1.22e-19
225.97 1.21e-19
226.02 1.20e-19
226.07 1.20e-19
226.12 1.19e-19
226.17 1.19e-19
226.22 1.21e-19
226.27 1.23e-19
226.32 1.25e-19
226.37 1.24e-19
226.42 1.21e-19
226.47 1.19e-19
226.52 1.16e-19
226.57 1.17e-19
226.62 1.18e-19
226.67 1.20e-19
226.72 1.19e-19
226.77 1.18e-19
226.82 1.16e-19
226.87 1.14e-19
226.92 1.16e-19
226.97 1.18e-19
227.02 1.19e-19
227.07 1.20e-19
227.12 1.20e-19
227.17 1.21e-19
227.22 1.21e-19
227.27 1.21e-19
227.32 1.21e-19
227.37 1.21e-19
227.42 1.21e-19
227.47 1.23e-19
227.52 1.24e-19
227.57 1.25e-19
227.62 1.24e-19
227.67 1.21e-19
227.72 1.19e-19
227.77 1.18e-19
227.82 1.18e-19
227.87 1.17e-19
227.92 1.17e-19
227.97 1.19e-19
228.02 1.21e-19
228.07 1.23e-19
228.12 1.25e-19
228.17 1.25e-19
228.22 1.26e-19
228.27 1.27e-19
228.32 1.25e-19
228.37 1.23e-19
228.42 1.21e-19
228.47 1.20e-19
228.52 1.22e-19
228.57 1.23e-19
228.62 1.25e-19
228.67 1.23e-19
228.72 1.20e-19
228.77 1.17e-19
228.82 1.16e-19
228.87 1.20e-19
228.92 1.23e-19
228.97 1.27e-19
229.02 1.30e-19
229.07 1.33e-19
229.12 1.36e-19
229.17 1.38e-19
229.22 1.41e-19
229.27 1.44e-19
229.32 1.47e-19
229.37 1.48e-19
229.42 1.48e-19
229.47 1.48e-19
229.52 1.48e-19
229.57 1.47e-19
229.62 1.46e-19
229.67 1.45e-19
229.72 1.46e-19
229.77 1.48e-19
229.82 1.51e-19
229.87 1.54e-19
229.92 1.60e-19
229.97 1.65e-19
230.02 1.71e-19
230.07 1.72e-19
230.12 1.73e-19
230.17 1.74e-19
230.22 1.74e-19
230.27 1.74e-19
230.32 1.74e-19
230.37 1.74e-19
230.42 1.77e-19
230.47 1.81e-19
230.52 1.85e-19
230.57 1.89e-19
230.62 1.94e-19
230.67 2.00e-19
230.72 2.05e-19
230.77 2.15e-19
230.82 2.26e-19
230.87 2.38e-19
230.92 2.46e-19
230.97 2.49e-19
231.02 2.52e-19
231.07 2.55e-19
231.12 2.58e-19
231.17 2.61e-19
231.22 2.64e-19
231.27 2.65e-19
231.32 2.63e-19
231.37 2.60e-19
231.42 2.58e-19
231.47 2.57e-19
231.52 2.57e-19
231.57 2.57e-19
231.62 2.55e-19
231.67 2.47e-19
231.72 2.40e-19
231.77 2.33e-19
231.82 2.31e-19
231.87 2.31e-19
231.92 2.30e-19
231.97 2.29e-19
232.02 2.27e-19
232.07 2.25e-19
232.12 2.23e-19
232.17 2.19e-19
232.22 2.15e-19
232.27 2.12e-19
232.32 2.08e-19
232.37 2.05e-19
232.42 2.02e-19
232.47 1.99e-19
232.52 1.97e-19
232.57 1.95e-19
232.62 1.93e-19
232.67 1.92e-19
232.72 1.94e-19
232.77 1.96e-19
232.82 1.97e-19
232.87 2.00e-19
232.92 2.02e-19
232.97 2.04e-19
233.02 2.06e-19
233.07 2.10e-19
233.12 2.13e-19
233.17 2.16e-19
233.22 2.20e-19
233.27 2.23e-19
233.32 2.26e-19
233.37 2.27e-19
233.42 2.21e-19
233.47 2.15e-19
233.52 2.09e-19
233.57 2.06e-19
233.62 2.05e-19
233.67 2.03e-19
233.72 2.02e-19
233.77 2.00e-19
233.82 1.98e-19
233.87 1.96e-19
233.92 1.94e-19
233.97 1.91e-19
234.02 1.88e-19
234.07 1.87e-19
234.12 1.87e-19
234.17 1.87e-19
234.22 1.87e-19
234.27 1.85e-19
234.32 1.82e-19
234.37 1.79e-19
234.42 1.76e-19
234.47 1.73e-19
234.52 1.71e-19
234.57 1.68e-19
234.62 1.67e-19
234.67 1.67e-19
234.72 1.67e-19
234.77 1.68e-19
234.82 1.71e-19
234.87 1.75e-19
234.92 1.79e-19
234.97 1.80e-19
235.02 1.82e-19
235.07 1.84e-19
235.12 1.88e-19
235.17 1.95e-19
235.22 2.03e-19
235.27 2.10e-19
235.32 2.12e-19
235.37 2.13e-19
235.42 2.14e-19
235.47 2.14e-19
235.52 2.12e-19
235.57 2.10e-19
235.62 2.08e-19
235.67 2.07e-19
235.72 2.05e-19
235.77 2.04e-19
235.82 2.03e-19
235.87 2.02e-19
235.92 2.01e-19
235.97 2.00e-19
236.02 2.01e-19
236.07 2.01e-19
236.12 2.02e-19
236.17 2.02e-19
236.22 2.02e-19
236.27 2.02e-19
236.32 2.02e-19
236.37 1.93e-19
236.42 1.84e-19
236.47 1.76e-19
236.52 1.71e-19
236.57 1.69e-19
236.62 1.67e-19
236.67 1.65e-19
236.72 1.69e-19
236.77 1.72e-19
236.82 1.76e-19
236.87 1.79e-19
236.92 1.82e-19
236.97 1.85e-19
237.02 1.89e-19
237.07 1.94e-19
237.12 1.99e-19
237.17 2.05e-19
237.22 2.10e-19
237.27 2.14e-19
237.32 2.19e-19
237.37 2.22e-19
237.42 2.20e-19
237.47 2.17e-19
237.52 2.14e-19
237.57 2.12e-19
237.62 2.10e-19
237.67 2.09e-19
237.72 2.07e-19
237.77 2.05e-19
237.82 2.03e-19
237.87 2.01e-19
237.92 2.00e-19
237.97 1.99e-19
238.02 1.99e-19
238.07 1.98e-19
238.12 1.99e-19
238.17 1.99e-19
238.22 1.99e-19
238.27 1.98e-19
238.32 1.97e-19
238.37 1.95e-19
238.42 1.94e-19
238.47 1.96e-19
238.52 1.98e-19
238.57 2.00e-19
238.62 1.99e-19
238.67 1.99e-19
238.72 1.98e-19
238.77 1.99e-19
238.82 2.03e-19
238.87 2.08e-19
238.92 2.13e-19
238.97 2.18e-19
239.02 2.24e-19
239.07 2.29e-19
239.12 2.34e-19
239.17 2.40e-19
239.22 2.46e-19
239.27 2.52e-19
239.32 2.51e-19
239.37 2.50e-19
239.42 2.49e-19
239.47 2.48e-19
239.52 2.47e-19
239.57 2.46e-19
239.62 2.46e-19
239.67 2.46e-19
239.72 2.47e-19
239.77 2.48e-19
239.82 2.50e-19
239.87 2.51e-19
239.92 2.53e-19
239.97 2.54e-19