   0.0000000000000000     
   101.22212120000000     
   201.22212120000000     
   301.22212120000000     
   401.22212120000000     
   501.22212120000000     
   601.22212119999995     
   701.22212119999995     
   801.22212119999995     
   921.22212119999995     
   1021.2221211999999     
   1121.2221211999999     
   1221.2221211999999     
   1321.2221211999999     
   1421.2221211999999     
   1521.2221211999999     
   1621.2221211999999     
   1721.2221211999999     
   1821.2221211999999     
   1921.2221211999999     
   2021.2221211999999     
   2121.2221211999999     
   2221.2221211999999     
   2321.2221211999999     
   2421.2221211999999     
   2521.2221211999999     
   2621.2221211999999     
   2721.2221211999999     
   2821.2221211999999     
   2921.2221211999999     
   3021.2221211999999     
   3121.2221211999999     
   3221.2221211999999     
   3321.2221211999999     
   3421.2221211999999     
   3521.2221211999999     
   3621.2221211999999     
   3721.2221211999999     
   3821.2221211999999     
   3921.2221211999999     
   4021.2221211999999     
   4121.2221212000004     
   4221.2221212000004     
   4321.2221212000004     
   4421.2221212000004     
   4521.2221212000004     
   4621.2221212000004     
   4721.2221212000004     
   4821.2221212000004     
   4921.2221212000004     
   5021.2221212000004     
   5121.2221212000004     
   5221.2221212000004     
   5321.2221212000004     
   5421.2221212000004     
   5521.2221212000004     
   5621.2221212000004     
   5721.2221212000004     
   5821.2221212000004     
   5921.2221212000004     
   6021.2221212000004     
   6121.2221212000004     
   6221.2221212000004     
   6321.2221212000004     
   6421.2221212000004     
   6521.2221212000004     
   6621.2221212000004     
   6721.2221212000004     
   6821.2221212000004     
   6921.2221212000004     
   7021.2221212000004     
   7121.2221212000004     
   7221.2221212000004     
   7321.2221212000004     
   7421.2221212000004     
   7521.2221212000004     
   7621.2221212000004     
   7721.2221212000004     
   7821.2221212000004     
   7921.2221212000004     
   8021.2221212000004     
   8121.2221212000004     
   8221.2221212000004     
   8321.2221212000004     
   8421.2221212000004     
   8521.2221212000004     
   8621.2221212000004     
   8721.2221212000004     
   8821.2221212000004     
   8921.2221212000004     
   9021.2221212000004     
   9121.2221212000004     
   9221.2221212000004     
   9321.2221212000004     
   9421.2221212000004     
   9521.2221212000004     
   9621.2221212000004     
   9721.2221212000004     
   9821.2221212000004     
   9921.2221212000004     
   10021.222121200000     
   10121.222121200000     
   11121.222121200000     
   12121.222121200000     
   13121.222121200000     
   14121.222121200000     
   15121.222121200000     
   16121.222121200000     
   17121.222121200000     
   18121.222121200000     
   19121.222121200000     
   20121.222121200000     
   21121.222121200000     
   22121.222121200000     
   23121.222121200000     
   24121.222121200000     
   25121.222121200000     
   26121.222121200000     
   27121.222121200000     
   28121.222121200000     
   29121.222121200000     
   30121.222121200000     
   31121.222121200000     
   32121.222121200000     
   33121.222121200000     
   34121.222121200000     
   35121.222121200000     
   36121.222121200000     
   37121.222121200000     
   38121.222121200000     
   39121.222121200000     
   40121.222121200000     
   41121.222121200000     
   42121.222121200000     
   43121.222121200000     
   44121.222121200000     
   45121.222121200000     
   46121.222121200000     
   47121.222121200000     
   48121.222121200000     
   49121.222121200000     
   50121.222121200000     
   51121.222121200000     
   52121.222121200000     
   53121.222121200000     
   54121.222121200000     
   55121.222121200000     
   56121.222121200000     
   57121.222121200000     
   58121.222121200000     
   59121.222121200000     
   60121.222121200000     
   61121.222121200000     
   62121.222121200000     
   63121.222121200000     
   64121.222121200000     
   65121.222121200000     
   66121.222121200000     
   67121.222121200000     
   68121.222121200000     
   69121.222121200000     
   70121.222121200000     
   71121.222121200000     
   72121.222121200000     
   73121.222121200000     
   74121.222121200000     
   75121.222121200000     
   76121.222121200000     
   77121.222121200000     
   78121.222121200000     
   79121.222121200000     
   80121.222121200000     
   81121.222121200000     
   82121.222121200000     
   83121.222121200000     
   84121.222121200000     
   85121.222121200000     
   86121.222121200000     
   87121.222121200000     
   88121.222121200000     
   89121.222121200000     
   90121.222121200000     
   91121.222121200000     
   92121.222121200000     
   93121.222121200000     
   94121.222121200000     
   95121.222121200000     
   96121.222121200000     
   97121.222121200000     
   98121.222121200000     
   99121.222121200000     
   100121.22212120000     
   101121.22212120000     
   102121.22212120000     
   103121.22212120000     
   104121.22212120000     
   105121.22212120000     
   106121.22212120000     
   107121.22212120000     
   108121.22212120000     
   109121.22212120000     
   110121.22212120000     
   111121.22212120000     
   112121.22212120000     
   113121.22212120000     
   114121.22212120000     
   115121.22212120000     
   116121.22212120000     
   117121.22212120000     
   118121.22212120000     
   119121.22212120000     
   120121.22212120000     
   121121.22212120000     
   122121.22212120000     
   123121.22212120000     
   124121.22212120000     
   125121.22212120000     
   126121.22212120000     
   127121.22212120000     
   128121.22212120000     
   129121.22212120000     
   130121.22212120000     
   131121.22212120000     
   132121.22212120000     
   142121.22212120000     
   152121.22212120000     
   162121.22212120000     
   172121.22212120000     
   182121.22212120000     
   192121.22212120000     
   202121.22212120000     
   212121.22212120000     
   222121.22212120000     
   232121.22212120000     
   242121.22212120000     
   252121.22212120000     
   262121.22212120000     
   272121.22212120000     
   282121.22212120000     
   292121.22212120000     
   302121.22212120000     
   312121.22212120000     
   322121.22212120000     
   332121.22212120000     
   342121.22212120000     
   352121.22212120000     
   362121.22212120000     
   372121.22212120000     
   382121.22212120000     
   392121.22212120000     
   402121.22212120000     
   412121.22212120000     
   422121.22212120000     
   432121.22212120000     
   442121.22212120000     
   452121.22212120000     
   462121.22212120000     
   472121.22212120000     
   482121.22212120000     
   492121.22212120000     
   502121.22212120000     
   512121.22212120000     
   522121.22212120000     
   532121.22212120006     
   542121.22212120006     
   552121.22212120006     
   562121.22212120006     
   572121.22212120006     
   582121.22212120006     
   592121.22212120006     
   602121.22212120006     
   612121.22212120006     
   622121.22212120006     
   632121.22212120006     
   642121.22212120006     
   652121.22212120006     
   662121.22212120006     
   672121.22212120006     
   682121.22212120006     
   692121.22212120006     
   702121.22212120006     
   712121.22212120006     
   722121.22212120006     
   732121.22212120006     
   742121.22212120006     
   752121.22212120006     
   762121.22212120006     
   772121.22212120006     
   782121.22212120006     
   792121.22212120006     
   802121.22212120006     
   812121.22212120006     
   822121.22212120006     
   832121.22212120006     
   842121.22212120006     
   852121.22212120006     
   862121.22212120006     
   872121.22212120006     
   882121.22212120006     
   892121.22212120006     
   902121.22212120006     
   912121.22212120006     
   922121.22212120006     
   932121.22212120006     
   942121.22212120006     
   952121.22212120006     
   962121.22212120006     
   972121.22212120006     
   982121.22212120006     
   992121.22212120006     
   1002121.2221212001     
   1012121.2221212001     
   1022121.2221212001     
   1032121.2221212001     
   1042121.2221212001     
   1052121.2221212001     
   1062121.2221212001     
   1072121.2221212001     
   1082121.2221212001     
   1092121.2221212001     
   1102121.2221212001     
   1112121.2221212001     
   1122121.2221212001     
   1132121.2221212001     
   1142121.2221212001     
   1152121.2221212001     
   1162121.2221212001     
   1172121.2221212001     
   1182121.2221212001     
   1192121.2221212001     
   1202121.2221212001     
   1212121.2221212001     
   1222121.2221212001     
   1232121.2221212001     
   1242121.2221212001     
   1252121.2221212001     
   1262121.2221212001     
   1272121.2221212001     
   1282121.2221212001     
   1292121.2221212001     
   1302121.2221212001     
   1312121.2221212001     
   1322121.2221212001     
   1332121.2221212001     
   1342121.2221212001     
   1352121.2221212001     
   1362121.2221212001     
   1372121.2221212001     
   1382121.2221212001     
   1392121.2221212001     
   1402121.2221212001     
   1412121.2221212001     
   1422121.2221212001     
   1432121.2221212001     
   1442121.2221212001     
   1452121.2221212001     
   1462121.2221212001     
   1472121.2221212001     
   1482121.2221212001     
   1492121.2221212001     
   1502121.2221212001     
   1512121.2221212001     
   1522121.2221212001     
   1532121.2221212001     
   1542121.2221212001     
   1552121.2221212001     
   1562121.2221212001     
   1572121.2221212001     
   1582121.2221212001     
   1592121.2221212001     
   1602121.2221212001     
   1612121.2221212001     
   1622121.2221212001     
   1632121.2221212001     
   1642121.2221212001     
   1652121.2221212001     
   1662121.2221212001     
   1672121.2221212001     
   1682121.2221212001     
   1692121.2221212001     
   1702121.2221212001     
   1712121.2221212001     
   1722121.2221212001     
   1732121.2221212001     
   1742121.2221212001     
   1752121.2221212001     
   1762121.2221212001     
   1772121.2221212001     
   1782121.2221212001     
   1792121.2221212001     
   1802121.2221212001     
   1812121.2221212001     
   1822121.2221212001     
   1832121.2221212001     
   1842121.2221212001     
   1852121.2221212001     
   1862121.2221212001     
   1872121.2221212001     
   1882121.2221212001     
   1892121.2221212001     
   1902121.2221212001     
   1912121.2221212001     
   1922121.2221212001     
   1932121.2221212001     
   1942121.2221212001     
   1952121.2221212001     
   1962121.2221212001     
   1972121.2221212001     
   1982121.2221212001     
   1992121.2221212001     
   2092121.2221212001     
   2192121.2221212001     
   2292121.2221212001     
   2392121.2221212001     
   2492121.2221212001     
   2592121.2221212001     
   2692121.2221212001     
   2792121.2221212001     
   2892121.2221212001     
   2992121.2221212001     
   3092121.2221212001     
   3192121.2221212001     
   3292121.2221212001     
   3392121.2221212001     
   3492121.2221212001     
   3592121.2221212001     
   3692121.2221212001     
   3792121.2221212001     
   3892121.2221212001     
   3992121.2221212001     
   4092121.2221212001     
   4192121.2221212001     
   4292121.2221211996     
   4392121.2221211996     
   4492121.2221211996     
   4592121.2221211996     
   4692121.2221211996     
   4792121.2221211996     
   4892121.2221211996     
   4992121.2221211996     
   5092121.2221211996     
   5192121.2221211996     
   5292121.2221211996     
   5392121.2221211996     
   5492121.2221211996     
   5592121.2221211996     
   5692121.2221211996     
   5792121.2221211996     
   5892121.2221211996     
   5992121.2221211996     
   6092121.2221211996     
   6192121.2221211996     
   6292121.2221211996     
   6392121.2221211996     
   6492121.2221211996     
   6592121.2221211996     
   6692121.2221211996     
   6792121.2221211996     
   6892121.2221211996     
   6992121.2221211996     
   7092121.2221211996     
   7192121.2221211996     
   7292121.2221211996     
   7392121.2221211996     
   7492121.2221211996     
   7592121.2221211996     
   7692121.2221211996     
   7792121.2221211996     
   7892121.2221211996     
   7992121.2221211996     
   8092121.2221211996     
   8192121.2221211996     
   8292121.2221211996     
   8392121.2221211996     
   8492121.2221211996     
   8592121.2221211996     
   8692121.2221211996     
   8792121.2221211996     
   8892121.2221211996     
   8992121.2221211996     
   9092121.2221211996     
   9192121.2221211996     
   9292121.2221211996     
   9392121.2221211996     
   9492121.2221211996     
   9592121.2221211996     
   9692121.2221211996     
   9792121.2221211996     
   9892121.2221211996     
   9992121.2221211996     
   10092121.222121200     
   10192121.222121200     
   10292121.222121200     
   10392121.222121200     
   10492121.222121200     
   10592121.222121200     
   10692121.222121200     
   10792121.222121200     
   10892121.222121200     
   10992121.222121200     
   11092121.222121200     
   11192121.222121200     
   11292121.222121200     
   11392121.222121200     
   11492121.222121200     
   11592121.222121200     
   11692121.222121200     
   11792121.222121200     
   11892121.222121200     
   11992121.222121200     
   12092121.222121200     
   12192121.222121200     
   12292121.222121200     
   12392121.222121200     
   12492121.222121200     
   12592121.222121200     
   12692121.222121200     
   12792121.222121200     
   12892121.222121200     
   12992121.222121200     
   13092121.222121200     
   13192121.222121200     
   13292121.222121200     
   13392121.222121200     
   13492121.222121200     
   13592121.222121200     
   13692121.222121200     
   13792121.222121200     
   13892121.222121200     
   13992121.222121200     
   14092121.222121200     
   14192121.222121200     
   14292121.222121200     
   14392121.222121200     
   14492121.222121200     
   14592121.222121200     
   14692121.222121200     
   14792121.222121200     
   14892121.222121200     
   14992121.222121200     
   15092121.222121200     
   15192121.222121200     
   15292121.222121200     
   15392121.222121200     
   15492121.222121200     
   15592121.222121200     
   15692121.222121200     
   15792121.222121200     
   15892121.222121200     
   15992121.222121200     
   16092121.222121200     
   16192121.222121200     
   16292121.222121200     
   16392121.222121200     
   16492121.222121200     
   16592121.222121200     
   16692121.222121200     
   16792121.222121201     
   16892121.222121201     
   16992121.222121201     
   17092121.222121201     
   17192121.222121201     
   17292121.222121201     
   17392121.222121201     
   17492121.222121201     
   17592121.222121201     
   17692121.222121201     
   17792121.222121201     
   17892121.222121201     
   17992121.222121201     
   18092121.222121201     
   18192121.222121201     
   18292121.222121201     
   18392121.222121201     
   18492121.222121201     
   18592121.222121201     
   18692121.222121201     
   18792121.222121201     
   18892121.222121201     
   18992121.222121201     
   19092121.222121201     
   19192121.222121201     
   19292121.222121201     
   19392121.222121201     
   19492121.222121201     
   19592121.222121201     
   19692121.222121201     
   19792121.222121201     
   19892121.222121201     
   19992121.222121201     
   20092121.222121201     
   20192121.222121201     
   20292121.222121201     
   20392121.222121201     
   20492121.222121201     
   20592121.222121201     
   20692121.222121201     
   20792121.222121201     
   20892121.222121201     
   20992121.222121201     
   21092121.222121201     
   21192121.222121201     
   21292121.222121201     
   21392121.222121201     
   21492121.222121201     
   21592121.222121201     
   21692121.222121201     
   21792121.222121201     
   21892121.222121201     
   21992121.222121201     
   22092121.222121201     
   22192121.222121201     
   22292121.222121201     
   22392121.222121201     
   22492121.222121201     
   22592121.222121201     
   22692121.222121201     
   22792121.222121201     
   22892121.222121201     
   22992121.222121201     
   23092121.222121201     
   23192121.222121201     
   23292121.222121201     
   23392121.222121201     
   23492121.222121201     
   23592121.222121201     
   23692121.222121201     
   23792121.222121201     
   23892121.222121201     
   23992121.222121201     
   24092121.222121201     
   24192121.222121201     
   24292121.222121201     
   24392121.222121201     
   24492121.222121201     
   24592121.222121201     
   24692121.222121201     
   24792121.222121201     
   24892121.222121201     
   24992121.222121201     
   25092121.222121201     
   25192121.222121201     
   25292121.222121201     
   25392121.222121201     
   25492121.222121201     
   25592121.222121201     
   25692121.222121201     
   25792121.222121201     
   25892121.222121201     
   25992121.222121201     
   26092121.222121201     
   26192121.222121201     
   26292121.222121201     
   26392121.222121201     
   26492121.222121201     
   26592121.222121201     
   26692121.222121201     
   26792121.222121201     
   26892121.222121201     
   26992121.222121201     
   27092121.222121201     
   27192121.222121201     
   27292121.222121201     
   27392121.222121201     
   27492121.222121201     
   27592121.222121201     
   27692121.222121201     
   27792121.222121201     
   27892121.222121201     
   27992121.222121201     
   28092121.222121201     
   28192121.222121201     
   28292121.222121201     
   28392121.222121201     
   28492121.222121201     
   28592121.222121201     
   28692121.222121201     
   28792121.222121201     
   28892121.222121201     
   28992121.222121201     
   29092121.222121201     
   29192121.222121201     
   29292121.222121201     
   29392121.222121201     
   29492121.222121201     
   29592121.222121201     
   29692121.222121201     
   29792121.222121201     
   29892121.222121201     
   29992121.222121201     
   30092121.222121201     
   30192121.222121201     
   30292121.222121201     
   30392121.222121201     
   30492121.222121201     
   30592121.222121201     
   30692121.222121201     
   30792121.222121201     
   30892121.222121201     
   30992121.222121201     
   31092121.222121201     
   31192121.222121201     
   31292121.222121201     
   31392121.222121201     
   31492121.222121201     
   31592121.222121201     
   31692121.222121201     
   31792121.222121201     
   31892121.222121201     
   31992121.222121201     
   32092121.222121201     
   32192121.222121201     
   32292121.222121201     
   32392121.222121201     
   32492121.222121201     
   32592121.222121201     
   32692121.222121201     
   32792121.222121201     
   32892121.222121201     
   32992121.222121201     
   33092121.222121201     
   33192121.222121201     
   33292121.222121201     
   33392121.222121201     
   33492121.222121201     
   33592121.222121201     
   33692121.222121201     
   33792121.222121201     
   33892121.222121201     
   33992121.222121201     
   34092121.222121201     
   34192121.222121201     
   34292121.222121201     
   34392121.222121201     
   34492121.222121201     
   34592121.222121201     
   34692121.222121201     
   34792121.222121201     
   34892121.222121201     
   34992121.222121201     
   35092121.222121201     
   35192121.222121201     
   35292121.222121201     
   35392121.222121201     
   35492121.222121201     
   35592121.222121201     
   35692121.222121201     
   35792121.222121201     
   35892121.222121201     
   35992121.222121201     
   36092121.222121201     
   36192121.222121201     
   36292121.222121201     
   36392121.222121201     
   36492121.222121201     
   36592121.222121201     
   36692121.222121201     
   36792121.222121201     
   36892121.222121201     
   36992121.222121201     
   37092121.222121201     
   37192121.222121201     
   37292121.222121201     
   37392121.222121201     
   37492121.222121201     
   37592121.222121201     
   37692121.222121201     
   37792121.222121201     
   37892121.222121201     
   37992121.222121201     
   38092121.222121201     
   38192121.222121201     
   39192121.222121201     
   40192121.222121201     
   41192121.222121201     
   42192121.222121201     
   43192121.222121201     
   44192121.222121201     
   45192121.222121201     
   46192121.222121201     
   47192121.222121201     
   48192121.222121201     
   49192121.222121201     
   50192121.222121201     
   51192121.222121201     
   52192121.222121201     
   53192121.222121201     
   54192121.222121201     
   55192121.222121201     
   56192121.222121201     
   57192121.222121201     
   58192121.222121201     
   59192121.222121201     
   60192121.222121201     
   61192121.222121201     
   62192121.222121201     
   63192121.222121201     
   64192121.222121201     
   65192121.222121201     
   66192121.222121201     
   67192121.222121209     
   68192121.222121209     
   69192121.222121209     
   70192121.222121209     
   71192121.222121209     
   72192121.222121209     
   73192121.222121209     
   74192121.222121209     
   75192121.222121209     
   76192121.222121209     
   77192121.222121209     
   78192121.222121209     
   79192121.222121209     
   80192121.222121209     
   81192121.222121209     
   82192121.222121209     
   83192121.222121209     
   84192121.222121209     
   85192121.222121209     
   86192121.222121209     
   87192121.222121209     
   88192121.222121209     
   89192121.222121209     
   90192121.222121209     
   91192121.222121209     
   92192121.222121209     
   93192121.222121209     
   94192121.222121209     
   95192121.222121209     
   96192121.222121209     
   97192121.222121209     
   98192121.222121209     
   99192121.222121209     
   100192121.22212121     
   101192121.22212121     
   102192121.22212121     
   103192121.22212121     
   104192121.22212121     
   105192121.22212121     
   106192121.22212121     
   107192121.22212121     
   108192121.22212121     
   109192121.22212121     
   110192121.22212121     
   111192121.22212121     
   112192121.22212121     
   113192121.22212121     
   114192121.22212121     
   115192121.22212121     
   116192121.22212121     
   117192121.22212121     
   118192121.22212121     
   119192121.22212121     
   120192121.22212121     
   121192121.22212121     
   122192121.22212121     
   123192121.22212121     
   124192121.22212121     
   125192121.22212121     
   126192121.22212121     
   127192121.22212121     
   128192121.22212121     
   129192121.22212121     
   130192121.22212121     
   131192121.22212121     
   132192121.22212121     
   133192121.22212121     
   134192121.22212121     
   135192121.22212121     
   136192121.22212121     
   137192121.22212121     
   138192121.22212121     
   139192121.22212121     
   140192121.22212121     
   141192121.22212121     
   142192121.22212121     
   143192121.22212121     
   144192121.22212121     
   145192121.22212121     
   146192121.22212121     
   147192121.22212121     
   148192121.22212121     
   149192121.22212121     
   150192121.22212121     
   151192121.22212121     
   152192121.22212121     
   153192121.22212121     
   154192121.22212121     
   155192121.22212121     
   156192121.22212121     
   157192121.22212121     
   158192121.22212121     
   159192121.22212121     
   160192121.22212121     
   161192121.22212121     
   162192121.22212121     
   163192121.22212121     
   164192121.22212121     
   165192121.22212121     
   166192121.22212121     
   167192121.22212121     
   168192121.22212121     
   169192121.22212121     
   170192121.22212121     
   171192121.22212121     
   172192121.22212121     
   173192121.22212121     
   174192121.22212121     
   175192121.22212121     
   176192121.22212121     
   177192121.22212121     
   178192121.22212121     
   179192121.22212121     
   180192121.22212121     
   181192121.22212121     
   182192121.22212121     
   183192121.22212121     
   184192121.22212121     
   185192121.22212121     
   186192121.22212121     
   187192121.22212121     
   188192121.22212121     
   189192121.22212121     
   190192121.22212121     
   191192121.22212121     
   192192121.22212121     
   193192121.22212121     
   194192121.22212121     
   195192121.22212121     
   196192121.22212121     
   197192121.22212121     
   198192121.22212121     
   199192121.22212121     
   200192121.22212121     
   201192121.22212121     
   202192121.22212121     
   203192121.22212121     
   204192121.22212121     
   205192121.22212121     
   206192121.22212121     
   207192121.22212121     
   208192121.22212121     
   209192121.22212121     
   210192121.22212121     
   211192121.22212121     
   212192121.22212121     
   213192121.22212121     
   214192121.22212121     
   215192121.22212121     
   216192121.22212121     
   217192121.22212121     
   218192121.22212121     
   219192121.22212121     
   220192121.22212121     
   221192121.22212121     
   222192121.22212121     
   223192121.22212121     
   224192121.22212121     
   225192121.22212121     
   226192121.22212121     
   227192121.22212121     
   228192121.22212121     
   229192121.22212121     
   230192121.22212121     
   231192121.22212121     
   232192121.22212121     
   233192121.22212121     
   234192121.22212121     
   235192121.22212121     
   236192121.22212121     
   237192121.22212121     
   238192121.22212121     
   239192121.22212121     
   240192121.22212121     
   241192121.22212121     
   242192121.22212121     
   243192121.22212121     
   244192121.22212121     
   245192121.22212121     
   246192121.22212121     
   247192121.22212121     
   248192121.22212121     
   249192121.22212121     
   250192121.22212121     
   251192121.22212121     
   252192121.22212121     
   253192121.22212121     
   254192121.22212121     
   255192121.22212121     
   256192121.22212121     
   257192121.22212121     
   258192121.22212121     
   259192121.22212121     
   260192121.22212121     
   261192121.22212121     
   262192121.22212121     
   263192121.22212121     
   264192121.22212121     
   265192121.22212121     
   266192121.22212121     
   267192121.22212121     
   268192121.22212121     
   269192121.22212124     
   270192121.22212124     
   271192121.22212124     
   272192121.22212124     
   273192121.22212124     
   274192121.22212124     
   275192121.22212124     
   276192121.22212124     
   277192121.22212124     
   278192121.22212124     
   279192121.22212124     
   280192121.22212124     
   281192121.22212124     
   282192121.22212124     
   283192121.22212124     
   284192121.22212124     
   285192121.22212124     
   286192121.22212124     
   287192121.22212124     
   288192121.22212124     
   289192121.22212124     
   290192121.22212124     
   291192121.22212124     
   292192121.22212124     
   293192121.22212124     
   294192121.22212124     
   295192121.22212124     
   296192121.22212124     
   297192121.22212124     
   298192121.22212124     
   299192121.22212124     
   300192121.22212124     
   301192121.22212124     
   302192121.22212124     
   303192121.22212124     
   304192121.22212124     
   305192121.22212124     
   306192121.22212124     
   307192121.22212124     
   308192121.22212124     
   309192121.22212124     
   310192121.22212124     
   311192121.22212124     
   312192121.22212124     
   313192121.22212124     
   314192121.22212124     
   315192121.22212124     
   316192121.22212124     
   317192121.22212124     
   318192121.22212124     
   319192121.22212124     
   320192121.22212124     
   321192121.22212124     
   322192121.22212124     
   323192121.22212124     
   324192121.22212124     
   325192121.22212124     
   326192121.22212124     
   327192121.22212124     
   328192121.22212124     
   329192121.22212124     
   330192121.22212124     
   331192121.22212124     
   332192121.22212124     
   333192121.22212124     
   334192121.22212124     
   335192121.22212124     
   336192121.22212124     
   337192121.22212124     
   338192121.22212124     
   339192121.22212124     
   340192121.22212124     
   341192121.22212124     
   342192121.22212124     
   343192121.22212124     
   344192121.22212124     
   345192121.22212124     
   346192121.22212124     
   347192121.22212124     
   348192121.22212124     
   349192121.22212124     
   350192121.22212124     
   351192121.22212124     
   352192121.22212124     
   353192121.22212124     
   354192121.22212124     
   355192121.22212124     
   356192121.22212124     
   357192121.22212124     
   358192121.22212124     
   359192121.22212124     
   360192121.22212124     
   361192121.22212124     
   362192121.22212124     
   363192121.22212124     
   364192121.22212124     
   365192121.22212124     
   366192121.22212124     
   367192121.22212124     
   368192121.22212124     
   369192121.22212124     
   370192121.22212124     
   371192121.22212124     
   372192121.22212124     
   373192121.22212124     
   374192121.22212124     
   375192121.22212124     
   376192121.22212124     
   377192121.22212124     
   378192121.22212124     
   379192121.22212124     
   380192121.22212124     
   381192121.22212124     
   382192121.22212124     
   383192121.22212124     
   384192121.22212124     
   385192121.22212124     
   386192121.22212124     
   387192121.22212124     
   388192121.22212124     
   389192121.22212124     
   390192121.22212124     
   391192121.22212124     
   392192121.22212124     
   393192121.22212124     
   394192121.22212124     
   395192121.22212124     
   396192121.22212124     
   397192121.22212124     
   398192121.22212124     
   399192121.22212124     
   400192121.22212124     
   401192121.22212124     
   402192121.22212124     
   403192121.22212124     
   404192121.22212124     
   405192121.22212124     
   406192121.22212124     
   407192121.22212124     
   408192121.22212124     
   409192121.22212124     
   410192121.22212124     
   411192121.22212124     
   412192121.22212124     
   413192121.22212124     
   414192121.22212124     
   415192121.22212124     
   416192121.22212124     
   417192121.22212124     
   418192121.22212124     
   419192121.22212124     
   420192121.22212124     
   421192121.22212124     
   422192121.22212124     
   423192121.22212124     
   424192121.22212124     
   425192121.22212124     
   426192121.22212124     
   427192121.22212124     
   428192121.22212124     
   429192121.22212124     
   430192121.22212124     
   431192121.22212124     
   432192121.22212124     
   433192121.22212124     
   434192121.22212124     
   435192121.22212124     
   436192121.22212124     
   437192121.22212124     
   438192121.22212124     
   439192121.22212124     
   440192121.22212124     
   441192121.22212124     
   442192121.22212124     
   443192121.22212124     
   444192121.22212124     
   445192121.22212124     
   446192121.22212124     
   447192121.22212124     
   448192121.22212124     
   449192121.22212124     
   450192121.22212124     
   451192121.22212124     
   452192121.22212124     
   453192121.22212124     
   454192121.22212124     
   455192121.22212124     
   456192121.22212124     
   457192121.22212124     
   458192121.22212124     
   459192121.22212124     
   460192121.22212124     
   461192121.22212124     
   462192121.22212124     
   463192121.22212124     
   464192121.22212124     
   465192121.22212124     
   466192121.22212124     
   467192121.22212124     
   468192121.22212124     
   469192121.22212124     
   470192121.22212124     
   471192121.22212124     
   472192121.22212124     
   473192121.22212124     
   474192121.22212124     
   475192121.22212124     
   476192121.22212124     
   477192121.22212124     
   478192121.22212124     
   479192121.22212124     
   480192121.22212124     
   481192121.22212124     
   482192121.22212124     
   483192121.22212124     
   484192121.22212124     
   485192121.22212124     
   486192121.22212124     
   487192121.22212124     
   488192121.22212124     
   489192121.22212124     
   490192121.22212124     
   491192121.22212124     
   492192121.22212124     
   493192121.22212124     
   494192121.22212124     
   495192121.22212124     
   496192121.22212124     
   497192121.22212124     
   498192121.22212124     
   499192121.22212124     
   500192121.22212124     
   501192121.22212124     
   502192121.22212124     
   503192121.22212124     
   504192121.22212124     
   505192121.22212124     
   506192121.22212124     
   507192121.22212124     
   508192121.22212124     
   509192121.22212124     
   510192121.22212124     
   511192121.22212124     
   512192121.22212124     
   513192121.22212124     
   514192121.22212124     
   515192121.22212124     
   516192121.22212124     
   517192121.22212124     
   518192121.22212124     
   519192121.22212124     
   520192121.22212124     
   521192121.22212124     
   522192121.22212124     
   523192121.22212124     
   524192121.22212124     
   525192121.22212124     
   526192121.22212124     
   527192121.22212124     
   528192121.22212124     
   529192121.22212124     
   530192121.22212124     
   531192121.22212124     
   532192121.22212124     
   533192121.22212124     
   534192121.22212124     
   535192121.22212124     
   536192121.22212124     
   537192121.22212124     
   538192121.22212124     
   539192121.22212124     
   540192121.22212124     
   541192121.22212124     
   542192121.22212124     
   543192121.22212124     
   544192121.22212124     
   545192121.22212124     
   546192121.22212124     
   547192121.22212124     
   548192121.22212124     
   549192121.22212124     
   550192121.22212124     
   551192121.22212124     
   552192121.22212124     
   562192121.22212124     
   572192121.22212124     
   582192121.22212124     
   592192121.22212124     
   602192121.22212124     
   612192121.22212124     
   622192121.22212124     
   632192121.22212124     
   642192121.22212124     
   652192121.22212124     
   662192121.22212124     
   672192121.22212124     
   682192121.22212124     
   692192121.22212124     
   702192121.22212124     
   712192121.22212124     
   722192121.22212124     
   732192121.22212124     
   742192121.22212124     
   752192121.22212124     
   762192121.22212124     
   772192121.22212124     
   782192121.22212124     
   792192121.22212124     
   802192121.22212124     
   812192121.22212124     
   822192121.22212124     
   832192121.22212124     
   842192121.22212124     
   852192121.22212124     
   862192121.22212124     
   872192121.22212124     
   882192121.22212124     
   892192121.22212124     
   902192121.22212124     
   912192121.22212124     
   922192121.22212124     
   932192121.22212124     
   942192121.22212124     
   952192121.22212124     
   962192121.22212124     
   972192121.22212124     
   982192121.22212124     
   992192121.22212124     
   1002192121.2221212     
   1012192121.2221212     
   1022192121.2221212     
   1032192121.2221212     
   1042192121.2221212     
   1052192121.2221212     
   1062192121.2221212     
   1072192121.2221212     
   1082192121.2221212     
   1092192121.2221212     
   1102192121.2221212     
   1112192121.2221212     
   1122192121.2221212     
   1132192121.2221212     
   1142192121.2221212     
   1152192121.2221212     
   1162192121.2221212     
   1172192121.2221212     
   1182192121.2221212     
   1192192121.2221212     
   1202192121.2221212     
   1212192121.2221212     
   1222192121.2221212     
   1232192121.2221212     
   1242192121.2221212     
   1252192121.2221212     
   1262192121.2221212     
   1272192121.2221212     
   1282192121.2221212     
   1292192121.2221212     
   1302192121.2221212     
   1312192121.2221212     
   1322192121.2221212     
   1332192121.2221212     
   1342192121.2221212     
   1352192121.2221212     
   1362192121.2221212     
   1372192121.2221212     
   1382192121.2221212     
   1392192121.2221212     
   1402192121.2221212     
   1412192121.2221212     
   1422192121.2221212     
   1432192121.2221212     
   1442192121.2221212     
   1452192121.2221212     
   1462192121.2221212     
   1472192121.2221212     
   1482192121.2221212     
   1492192121.2221212     
   1502192121.2221212     
   1512192121.2221212     
   1522192121.2221212     
   1532192121.2221212     
   1542192121.2221212     
   1552192121.2221212     
   1562192121.2221212     
   1572192121.2221212     
   1582192121.2221212     
   1592192121.2221212     
   1602192121.2221212     
   1612192121.2221212     
   1622192121.2221212     
   1632192121.2221212     
   1642192121.2221212     
   1652192121.2221212     
   1662192121.2221212     
   1672192121.2221212     
   1682192121.2221212     
   1692192121.2221212     
   1702192121.2221212     
   1712192121.2221212     
   1722192121.2221212     
   1732192121.2221212     
   1742192121.2221212     
   1752192121.2221212     
   1762192121.2221212     
   1772192121.2221212     
   1782192121.2221212     
   1792192121.2221212     
   1802192121.2221212     
   1812192121.2221212     
   1822192121.2221212     
   1832192121.2221212     
   1842192121.2221212     
   1852192121.2221212     
   1862192121.2221212     
   1872192121.2221212     
   1882192121.2221212     
   1892192121.2221212     
   1902192121.2221212     
   1912192121.2221212     
   1922192121.2221212     
   1932192121.2221212     
   1942192121.2221212     
   1952192121.2221212     
   1962192121.2221212     
   1972192121.2221212     
   1982192121.2221212     
   1992192121.2221212     
   2002192121.2221212     
   2012192121.2221212     
   2022192121.2221212     
   2032192121.2221212     
   2042192121.2221212     
   2052192121.2221212     
   2062192121.2221212     
   2072192121.2221212     
   2082192121.2221212     
   2092192121.2221212     
   2102192121.2221212     
   2112192121.2221212     
   2122192121.2221212     
   2132192121.2221212     
   2142192121.2221212     
   2152192121.2221212     
   2162192121.2221212     
   2172192121.2221212     
   2182192121.2221212     
   2192192121.2221212     
   2202192121.2221212     
   2212192121.2221212     
   2222192121.2221212     
   2232192121.2221212     
   2242192121.2221212     
   2252192121.2221212     
   2262192121.2221212     
   2272192121.2221212     
   2282192121.2221212     
   2292192121.2221212     
   2302192121.2221212     
   2402192121.2221212     
   2502192121.2221212     
   2602192121.2221212     
   2702192121.2221212     
   2802192121.2221212     
   2902192121.2221212     
   3002192121.2221212     
   3102192121.2221212     
   3202192121.2221212     
   3302192121.2221212     
   3402192121.2221212     
   3502192121.2221212     
   3602192121.2221212     
   3702192121.2221212     
   3802192121.2221212     
   3902192121.2221212     
   4002192121.2221212     
   4102192121.2221212     
   4202192121.2221212     
   4302192121.2221212     
   4402192121.2221212     
   4502192121.2221212     
   4602192121.2221212     
   4702192121.2221212     
   4802192121.2221212     
   4902192121.2221212     
   5002192121.2221212     
   5102192121.2221212     
   5202192121.2221212     
   5302192121.2221212     
   5402192121.2221212     
   5502192121.2221212     
   5602192121.2221212     
   5702192121.2221212     
   5802192121.2221212     
   5902192121.2221212     
   6002192121.2221212     
   6102192121.2221212     
   6202192121.2221212     
   6302192121.2221212     
   6402192121.2221212     
   6502192121.2221212     
   6602192121.2221212     
   6702192121.2221212     
   6802192121.2221212     
   6902192121.2221212     
   7002192121.2221212     
   7102192121.2221212     
   7202192121.2221212     
   7302192121.2221212     
   7402192121.2221212     
   7502192121.2221212     
   7602192121.2221212     
   7702192121.2221212     
   7802192121.2221212     
   7902192121.2221212     
   8002192121.2221212     
   8102192121.2221212     
   8202192121.2221212     
   8302192121.2221212     
   8402192121.2221212     
   8502192121.2221212     
   8602192121.2221222     
   8702192121.2221222     
   8802192121.2221222     
   8902192121.2221222     
   9002192121.2221222     
   9102192121.2221222     
   9202192121.2221222     
   9302192121.2221222     
   10302192121.222122     
   11302192121.222122     
   12302192121.222122     
   13302192121.222122     
   14302192121.222122     
   15302192121.222122     
   16302192121.222122     
   17302192121.222122     
   18302192121.222122     
   19302192121.222122     
   20302192121.222122     
   21302192121.222122     
   22302192121.222122     
   23302192121.222122     
   24302192121.222122     
   25302192121.222122     
   26302192121.222122     
   27302192121.222122     
   28302192121.222122     
   29302192121.222122     
   30302192121.222122     
   31302192121.222122     
   32302192121.222122     
   33302192121.222122     
   34302192121.222122     
   35302192121.222122     
   36302192121.222122     
   37302192121.222122     
   38302192121.222122     
   39302192121.222122     
   40302192121.222122     
   41302192121.222122     
   42302192121.222122     
   43302192121.222122     
   44302192121.222122     
   45302192121.222122     
   46302192121.222122     
   47302192121.222122     
   57302192121.222122     
   67302192121.222122     
   77302192121.222122     
   87302192121.222122     
   97302192121.222122     
   107302192121.22212     
   117302192121.22212     
   127302192121.22212     
   137302192121.22212     
   147302192121.22211     
   157302192121.22211     
   167302192121.22211     
   177302192121.22211     
   187302192121.22211     
   197302192121.22211     
   207302192121.22211     
   217302192121.22211     
   227302192121.22211     
   237302192121.22211     
   247302192121.22211     
   257302192121.22211     
   267302192121.22211     
   277302192121.22211     
   287302192121.22211     
   297302192121.22211     
   307302192121.22211     
   317302192121.22211     
   327302192121.22211     
   337302192121.22211     
   347302192121.22211     
   357302192121.22211     
   367302192121.22211     
   377302192121.22211     
   387302192121.22211     
   397302192121.22211     
   407302192121.22211     
   417302192121.22211     
   427302192121.22211     
   437302192121.22211     
   447302192121.22211     
   457302192121.22211     
   467302192121.22211     
   477302192121.22211     
   487302192121.22211     
   587302192121.22217     
   687302192121.22217     
   787302192121.22217     
   887302192121.22217     
   987302192121.22217     
   1087302192121.2222     
   1187302192121.2222     
   1287302192121.2222     
   1387302192121.2222     
   1487302192121.2222     
   1587302192121.2222     
   1687302192121.2222     
   1787302192121.2222     
   1887302192121.2222     
   1987302192121.2222     
   2087302192121.2222     
   2187302192121.2222     
   2287302192121.2222     
   2387302192121.2222     
   2487302192121.2222     
   2587302192121.2222     
   2687302192121.2222     
   2787302192121.2222     
   2887302192121.2222     
   2987302192121.2222     
   3087302192121.2222     
   3187302192121.2222     
   3287302192121.2222     
   3387302192121.2222     
   3487302192121.2222     
   4487302192121.2227     
   5487302192121.2227     
   6487302192121.2227     
   7487302192121.2227     
   8487302192121.2227     
   9487302192121.2227     
   10487302192121.223     
   11487302192121.223     
   12487302192121.223     
   13487302192121.223     
   14487302192121.223     
   15487302192121.223     
   16487302192121.223     
   17487302192121.223     
   18487302192121.223     
   19487302192121.223     
   29487302192121.223     
   39487302192121.219     
   49487302192121.219     
   59487302192121.219     
   69487302192121.219     
   79487302192121.219     
   89487302192121.219     
   99487302192121.219     
   109487302192121.22     
   119487302192121.22     
   129487302192121.22     
   229487302192121.22     
   329487302192121.25     
   429487302192121.25     
   529487302192121.25     
   629487302192121.25     
   729487302192121.25     
   829487302192121.25     
   929487302192121.25     
   1029487302192121.2     
   1129487302192121.2     
   1229487302192121.2     
   1329487302192121.2     
   1429487302192121.2     
   1529487302192121.2     
   1629487302192121.2     
   1729487302192121.2     
   1829487302192121.2     
   1929487302192121.2     
   2029487302192121.2     
   2129487302192121.2     
   2229487302192121.2     
   2329487302192121.0     
   2429487302192121.0     
   2529487302192121.0     
   2629487302192121.0     
   2729487302192121.0     
   2829487302192121.0     
   2929487302192121.0     
   3029487302192121.0     
