1 0 0 0 0 0 0 0 
0 0 0 0 0 0 0 0 
0 0 0 0 0 0 0 0 
1 0 0 0 0 0 0 0 
0 0 0 0 0 0 0 0 
0 0 0 0 0 0 0 0 
1 0 0 0 0 0 0 0 
0 0 0 0 0 0 0 0 
0 0 0 0 0 0 0 0 
1 0 0 0 0 0 0 0 
0 0 0 0 0 0 0 0 
0 0 0 0 0 0 0 0 
1 0 0 0 0 0 0 0 
0 0 0 0 0 0 0 0 
0 0 0 0 0 0 0 0 
1 0 0 0 0 0 0 0 
0 0 0 0 0 0 0 0 
0 0 0 0 0 0 0 0 
1 0 0 0 0 0 0 0 
0 0 0 0 0 0 0 0 
0 0 0 0 0 0 0 0 
1 0 0 0 0 0 0 0 
0 0 0 0 0 0 0 0 
0 0 0 0 0 0 0 0 
1 0 0 0 0 0 0 0 
0 0 0 0 0 0 0 0 
0 0 0 0 0 0 0 0 
1 0 0 0 0 0 0 0 
0 0 0 0 0 0 0 0 
0 0 0 0 0 0 0 0 
1 0 0 0 0 0 0 0 
0 0 0 0 0 0 0 0 
0 0 0 0 0 0 0 0 
1 0 0 0 0 0 0 0 
0 0 0 0 0 0 0 0 
0 0 0 0 0 0 0 0 
1 0 0 0 0 0 0 0 
0 0 0 0 0 0 0 0 
0 0 0 0 0 0 0 0 
1 0 0 0 0 0 0 0 
0 0 0 0 0 0 0 0 
0 0 0 0 0 0 0 0 
1 0 0 0 0 0 0 0 
0 0 0 0 0 0 0 0 
0 0 0 0 0 0 0 0 
7 5.4e-33 300 1 4 3.25 6 3 
0 0 0 0 0 0 0 0 
0 0 0 0 0 0 0 0 
6 5.0e-35 724 1 4 7 3 0 
0 0 0 0 0 0 0 0 
0 0 0 0 0 0 0 0 
7 1.5e-33 300 1 4 2.4 6 3 
0 0 0 0 0 0 0 0 
0 0 0 0 0 0 0 0 
6 8.0e-12 -2060 1 4 7 3 0 
0 0 0 0 0 0 0 0 
0 0 0 0 0 0 0 0 
6 2.2e-33 -1780 1 4 7 3 0 
0 0 0 0 0 0 0 0 
0 0 0 0 0 0 0 0 
6 3.2e-11 70 1 4 7 3 0 
0 0 0 0 0 0 0 0 
0 0 0 0 0 0 0 0 
1 1.2e-10 0 0 0 0 0 0 
0 0 0 0 0 0 0 0 
0 0 0 0 0 0 0 0 
1 1.2e-10 0 0 0 0 0 0 
0 0 0 0 0 0 0 0 
0 0 0 0 0 0 0 0 
1 1.2e-10 0 0 0 0 0 0 
0 0 0 0 0 0 0 0 
0 0 0 0 0 0 0 0 
6 7.5e-11 115 1 4 7 3 0 
0 0 0 0 0 0 0 0 
0 0 0 0 0 0 0 0 
6 1.63e-10 60 1 4 7 3 0 
0 0 0 0 0 0 0 0 
0 0 0 0 0 0 0 0 
6 6.34e-12 -4000 1 4 7 3 0 
0 0 0 0 0 0 0 0 
0 0 0 0 0 0 0 0 
6 9.01e-13 -1526 1 4 7 3 0 
0 0 0 0 0 0 0 0 
0 0 0 0 0 0 0 0 
7 1.6e-32 298 1 4 2.27 6 3 
0 0 0 0 0 0 0 0 
0 0 0 0 0 0 0 0 
7 1.292e-30 300 1 4 2 6 3 
0 0 0 0 0 0 0 0 
0 0 0 0 0 0 0 0 
1 7.2e-11 0 0 0 0 0 0 
0 0 0 0 0 0 0 0 
0 0 0 0 0 0 0 0 
1 1.6e-12 0 0 0 0 0 0 
0 0 0 0 0 0 0 0 
0 0 0 0 0 0 0 0 
1 3.45e-12 0 0 0 0 0 0 
0 0 0 0 0 0 0 0 
0 0 0 0 0 0 0 0 
6 2.8e-12 -1890 1 4 7 3 0 
0 0 0 0 0 0 0 0 
0 0 0 0 0 0 0 0 
6 1.7e-11 -1800 1 4 7 3 0 
0 0 0 0 0 0 0 0 
0 0 0 0 0 0 0 0 
7 8.8e-32 300 1 4 1.3 6 3 
7 7.5e-11 300 1 4 -0.2 6 3 
0 0 0 0 0 0 0 0 
6 1.4e-10 -470 1 4 7 3 0 
0 0 0 0 0 0 0 0 
0 0 0 0 0 0 0 0 
6 1.8e-11 180 1 4 7 3 0 
0 0 0 0 0 0 0 0 
0 0 0 0 0 0 0 0 
6 3.0e-11 200 1 4 7 3 0 
0 0 0 0 0 0 0 0 
0 0 0 0 0 0 0 0 
6 1.4e-12 -2000 1 4 7 3 0 
0 0 0 0 0 0 0 0 
0 0 0 0 0 0 0 0 
1 1.8e-12 0 0 0 0 0 0 
0 0 0 0 0 0 0 0 
0 0 0 0 0 0 0 0 
7 8.97e-31 300 1 4 1 6 3 
1 2.6e-11 0 0 0 0 0 0 
0 0 0 0 0 0 0 0 
6 1.7e-12 -940 1 4 7 3 0 
0 0 0 0 0 0 0 0 
0 0 0 0 0 0 0 0 
6 4.8e-11 250 1 4 7 3 0 
0 0 0 0 0 0 0 0 
0 0 0 0 0 0 0 0 
1 1.8e-12 0 0 0 0 0 0 
0 0 0 0 0 0 0 0 
0 0 0 0 0 0 0 0 
6 1.0e-14 -490 1 4 7 3 0 
0 0 0 0 0 0 0 0 
0 0 0 0 0 0 0 0 
6 3.0e-13 460 1 4 7 3 0 
0 0 0 0 0 0 0 0 
0 0 0 0 0 0 0 0 
6 4.2e-33 920 1 4 7 3 0 
0 0 0 0 0 0 0 0 
0 0 0 0 0 0 0 0 
7 1.5e-13 300 1 4 -0.6 6 3 
7 2.1e9 300 1 4 -6.1 6 3 
0 0 0 0 0 0 0 0 
7 5.9e-33 300 1 4 1.4 6 3 
7 1.1e-12 300 1 4 -1.3 6 3 
0 0 0 0 0 0 0 0 
1 2.0e-12 0 0 0 0 0 0 
0 0 0 0 0 0 0 0 
0 0 0 0 0 0 0 0 
1 8.7e-10 0 0 0 0 0 0 
0 0 0 0 0 0 0 0 
0 0 0 0 0 0 0 0 
6 2.0e-33 -850 1 4 7 3 0 
0 0 0 0 0 0 0 0 
0 0 0 0 0 0 0 0 
1 3.0e-10 0 0 0 0 0 0 
0 0 0 0 0 0 0 0 
0 0 0 0 0 0 0 0 
1 6.3e-11 0 0 0 0 0 0 
0 0 0 0 0 0 0 0 
0 0 0 0 0 0 0 0 
1 5.0e-11 0 0 0 0 0 0 
0 0 0 0 0 0 0 0 
0 0 0 0 0 0 0 0 
1 1.0e-10 0 0 0 0 0 0 
0 0 0 0 0 0 0 0 
0 0 0 0 0 0 0 0 
1 1.0e-10 0 0 0 0 0 0 
0 0 0 0 0 0 0 0 
0 0 0 0 0 0 0 0 
1 5.0e-12 0 0 0 0 0 0 
0 0 0 0 0 0 0 0 
0 0 0 0 0 0 0 0 
1 1.0e-11 0 0 0 0 0 0 
0 0 0 0 0 0 0 0 
0 0 0 0 0 0 0 0 
6 2.8e-11 -1540 1 4 7 3 0 
0 0 0 0 0 0 0 0 
0 0 0 0 0 0 0 0 
6 1.7e-11 -100 1 4 7 3 0 
0 0 0 0 0 0 0 0 
0 0 0 0 0 0 0 0 
