  0.50000000000000000        9.9999999999999992E-026
   1.5000000000000000        1.6144247787610620E-023
   2.5000000000000000        3.0725000000000005E-023
   3.5000000000000000        7.2109890109890116E-023
   4.5000000000000000        7.1107317073170732E-024
   5.5000000000000000        1.1834782608695655E-023
   6.5000000000000000        1.6189189189189189E-023
   7.5000000000000000        2.2135135135135139E-023
   8.5000000000000000        2.8081081081081082E-023
   9.5000000000000000        3.4027027027027031E-023
   10.500000000000000        4.5017241379310349E-023
   11.500000000000000        6.1051724137931035E-023
   12.500000000000000        7.7086206896551716E-023
   13.500000000000000        9.3120689655172408E-023
   14.500000000000000        1.0915517241379309E-022
   15.500000000000000        1.2518965517241379E-022
   16.500000000000000        1.4826086956521737E-022
   17.500000000000000        1.7434782608695654E-022
   18.500000000000000        2.0043478260869564E-022
   19.500000000000000        2.2652173913043478E-022
   20.500000000000000        2.5260869565217388E-022
   21.500000000000000        2.7869565217391302E-022
   22.500000000000000        3.0478260869565221E-022
   23.500000000000000        3.3086956521739136E-022
   24.500000000000000        3.5695652173913050E-022
   25.500000000000000        3.7535714285714292E-022
   26.500000000000000        3.8607142857142858E-022
   27.500000000000000        3.9678571428571432E-022
   28.500000000000000        4.0000000000000011E-022
   29.500000000000000        4.0000000000000011E-022
   30.500000000000000        4.1829981718464339E-022
   31.500000000000000        5.5906764168190118E-022
   32.500000000000000        6.9983546617915878E-022
   33.500000000000000        8.4060329067641647E-022
   34.500000000000000        9.8137111517367416E-022
   35.500000000000000        1.1221389396709318E-021
   36.500000000000000        1.0400000000000009E-021
   37.500000000000000        1.3182589285714287E-021
   38.500000000000000        1.4008482142857144E-021
   39.500000000000000        1.4834375000000001E-021
   40.500000000000000        1.5660267857142856E-021
   41.500000000000000        1.6486160714285715E-021
   42.500000000000000        1.6514473684210526E-021
   43.500000000000000        1.6294444444444446E-021
   44.500000000000000        1.8238888888888890E-021
   45.500000000000000        1.8937448559670785E-021
   46.500000000000000        1.8725974025974028E-021
   47.500000000000000        1.9700000000000002E-021
   48.500000000000000        2.0688023952095812E-021
   49.500000000000000        2.1676047904191618E-021
   50.500000000000000        2.2664071856287424E-021
   51.500000000000000        2.3303448275862072E-021
   52.500000000000000        2.3206228373702423E-021
   53.500000000000000        2.3831715210355996E-021
   54.500000000000000        2.5000000000000002E-021
   55.500000000000000        2.5000000000000002E-021
   56.500000000000000        2.7385786802030461E-021
   57.500000000000000        2.9609999999999997E-021
   58.500000000000000        2.8673544973544974E-021
   59.500000000000000        3.0472486772486771E-021
   60.500000000000000        3.0084297520661151E-021
   61.500000000000000        3.3638016528925617E-021
   62.500000000000000        3.4836153846153850E-021
   63.500000000000000        3.5271250000000005E-021
   64.500000000000000        3.5735217391304349E-021
   65.500000000000000        3.6300434782608700E-021
   66.500000000000000        3.6289075630252099E-021
   67.500000000000000        3.7494670846394984E-021
   68.500000000000000        3.9985253456221203E-021
   69.500000000000000        3.8700990099009898E-021
   70.500000000000000        3.9165000000000015E-021
   71.500000000000000        4.1265000000000020E-021
   72.500000000000000        4.1860215053763446E-021
   73.500000000000000        4.1645161290322577E-021
   74.500000000000000        4.1430107526881723E-021
   75.500000000000000        4.4478409090909089E-021
   76.500000000000000        4.6373981191222583E-021
   77.500000000000000        4.6301265822784812E-021
   78.500000000000000        4.6807594936708857E-021
   79.500000000000000        4.7313924050632909E-021
   80.500000000000000        4.7043010752688168E-021
   81.500000000000000        4.7514285714285722E-021
   82.500000000000000        4.8085714285714280E-021
   83.500000000000000        4.8046218487394956E-021
   84.500000000000000        4.9728971962616827E-021
   85.500000000000000        5.1117142857142858E-021
   86.500000000000000        5.1828124999999998E-021
   87.500000000000000        5.1672839506172843E-021
   88.500000000000000        5.1724683544303808E-021
   89.500000000000000        5.0978494623655914E-021
   90.500000000000000        4.9634408602150525E-021
   91.500000000000000        4.9299999999999991E-021
   92.500000000000000        5.1826829268292690E-021
   93.500000000000000        5.2584496124031020E-021
   94.500000000000000        5.4600000000000003E-021
   95.500000000000000        5.7038961038961058E-021
   96.500000000000000        5.3290322580645204E-021
   97.500000000000000        4.2644518272425251E-021
   98.500000000000000        3.4535433070866169E-021
   99.500000000000000        2.9507462686567156E-021
   100.50000000000000        3.0671641791044772E-021
   101.50000000000000        3.1835820895522388E-021
   102.50000000000000        3.2999999999999997E-021
   103.50000000000000        2.9932692307692308E-021
   104.50000000000000        2.9915224913494810E-021
   105.50000000000000        3.0434256055363316E-021
   106.50000000000000        3.0953287197231829E-021
   107.50000000000000        3.0750000000000016E-021
   108.50000000000000        2.8625669291338585E-021
   109.50000000000000        2.6846421267893656E-021
   110.50000000000000        2.4474233128834351E-021
   111.50000000000000        2.2102044989775049E-021
   112.50000000000000        1.9729856850715740E-021
   113.50000000000000        1.7867213114754103E-021
   114.50000000000000        1.8605882352941177E-021
   115.50000000000000        1.8689408866995076E-021
   116.50000000000000        2.1160256410256420E-021
   117.50000000000000        2.1824451410658329E-021
   118.50000000000000        1.8810344827586209E-021
   119.50000000000000        1.7757142857142846E-021
   120.50000000000000        1.8252252252252258E-021
   121.50000000000000        1.8493506493506495E-021
   122.50000000000000        1.8712062256809345E-021
   123.50000000000000        1.8322957198443579E-021
   124.50000000000000        1.7893081761006287E-021
   125.50000000000000        1.7264150943396226E-021
   126.50000000000000        1.6635220125786165E-021
   127.50000000000000        1.6006289308176107E-021
   128.50000000000000        1.5269372693726940E-021
   129.50000000000000        1.4531365313653137E-021
   130.50000000000000        1.4000000000000002E-021
   131.50000000000000        1.3500000000000001E-021
   132.50000000000000        1.2333333333333339E-021
   133.50000000000000        1.0272727272727271E-021
   134.50000000000000        8.9096153846153770E-022
   135.50000000000000        7.6980769230769124E-022
   136.50000000000000        5.5865384615384585E-022
   137.50000000000000        2.6736842105263178E-022
   138.50000000000000        1.6999999999999999E-022
   139.50000000000000        9.4000000000000001E-023
   140.50000000000000        5.2000000000000011E-023
   141.50000000000000        2.6000000000000000E-023
   142.50000000000000        1.1899999999999999E-023
   143.50000000000000        4.9999999999999998E-024
   144.50000000000000        1.5000000000000000E-024
   145.50000000000000        5.3999999999999994E-025
   146.50000000000000        1.7950000000000002E-025
   147.50000000000000        5.3500000000000009E-026
   148.50000000000000        1.8300000000000000E-026
   149.50000000000000        6.1999999999999997E-027
   150.50000000000000        3.0500000000000000E-027
   151.50000000000000        1.9500000000000002E-027
   152.50000000000000        1.4000000000000000E-027
   153.50000000000000        1.0600000000000002E-027
   154.50000000000000        8.6500000000000013E-028
   155.50000000000000        7.7499999999999996E-028
   156.50000000000000        7.2500000000000001E-028
   157.50000000000000        6.9500000000000004E-028
   158.50000000000000        6.6000000000000003E-028
   159.50000000000000        6.2000000000000007E-028
   160.50000000000000        6.0000000000000001E-028
