  0.50000000000000000        3.0898839779005526E-024
   1.5000000000000000        7.0440000000000008E-023
   2.5000000000000000        4.4902912621359217E-023
   3.5000000000000000        3.5682666666666676E-023
   4.5000000000000000        5.9416000000000001E-023
   5.5000000000000000        8.3149333333333343E-023
   6.5000000000000000        1.1848993288590605E-022
   7.5000000000000000        1.8224832214765103E-022
   8.5000000000000000        2.4600671140939599E-022
   9.5000000000000000        3.0976510067114099E-022
   10.500000000000000        3.7352348993288595E-022
   11.500000000000000        4.3728187919463095E-022
   12.500000000000000        5.0912529550827432E-022
   13.500000000000000        5.9738376674546886E-022
   14.500000000000000        6.8564223798266341E-022
   15.500000000000000        7.7390070921985833E-022
   16.500000000000000        8.6215918045705287E-022
   17.500000000000000        9.5041765169424761E-022
   18.500000000000000        1.0386761229314422E-021
   19.500000000000000        1.1269345941686369E-021
   20.500000000000000        1.2151930654058314E-021
   21.500000000000000        1.3034515366430264E-021
   22.500000000000000        1.3917100078802209E-021
   23.500000000000000        1.4799684791174156E-021
   24.500000000000000        1.5682269503546104E-021
   25.500000000000000        1.6305408271474027E-021
   26.500000000000000        1.6782608695652177E-021
   27.500000000000000        1.7259809119830332E-021
   28.500000000000000        1.7737009544008486E-021
   29.500000000000000        1.8214209968186641E-021
   30.500000000000000        1.8691410392364795E-021
   31.500000000000000        1.9168610816542954E-021
   32.500000000000000        1.9645811240721104E-021
   33.500000000000000        2.0123011664899263E-021
   34.500000000000000        2.0600212089077413E-021
   35.500000000000000        2.1077412513255572E-021
   36.500000000000000        2.1554612937433722E-021
   37.500000000000000        2.2031813361611881E-021
   38.500000000000000        2.2509013785790031E-021
   39.500000000000000        2.2986214209968190E-021
   40.500000000000000        2.3463414634146340E-021
   41.500000000000000        2.3940615058324499E-021
   42.500000000000000        2.4417815482502653E-021
   43.500000000000000        2.4895015906680808E-021
   44.500000000000000        2.5372216330858962E-021
   45.500000000000000        2.5849416755037120E-021
   46.500000000000000        2.6326617179215271E-021
   47.500000000000000        2.6803817603393425E-021
   48.500000000000000        2.7281018027571587E-021
   49.500000000000000        2.7758218451749738E-021
   50.500000000000000        2.8235418875927889E-021
   51.500000000000000        2.8712619300106043E-021
   52.500000000000000        2.9189819724284205E-021
   53.500000000000000        2.9667020148462360E-021
   54.500000000000000        3.0144220572640507E-021
   55.500000000000000        3.0621420996818669E-021
   56.500000000000000        3.1098621420996816E-021
   57.500000000000000        3.1575821845174974E-021
   58.500000000000000        3.2053022269353132E-021
   59.500000000000000        3.2530222693531283E-021
   60.500000000000000        3.3007423117709441E-021
   61.500000000000000        3.3484623541887596E-021
   62.500000000000000        3.3961823966065750E-021
   63.500000000000000        3.4159031979256699E-021
   64.500000000000000        3.4331892826274843E-021
   65.500000000000000        3.4504753673292994E-021
   66.500000000000000        3.4677614520311152E-021
   67.500000000000000        3.4850475367329296E-021
   68.500000000000000        3.5023336214347455E-021
   69.500000000000000        3.5196197061365598E-021
   70.500000000000000        3.5369057908383749E-021
   71.500000000000000        3.5541918755401901E-021
   72.500000000000000        3.5714779602420044E-021
   73.500000000000000        3.5887640449438195E-021
   74.500000000000000        3.5698461538461535E-021
   75.500000000000000        3.4836923076923080E-021
   76.500000000000000        3.3975384615384618E-021
   77.500000000000000        3.3113846153846159E-021
   78.500000000000000        3.2252307692307701E-021
   79.500000000000000        3.1390769230769235E-021
   80.500000000000000        3.0529230769230769E-021
   81.500000000000000        2.9667692307692314E-021
   82.500000000000000        2.8806153846153848E-021
   83.500000000000000        2.7944615384615389E-021
   84.500000000000000        2.7083076923076923E-021
   85.500000000000000        2.6221538461538457E-021
   86.500000000000000        2.5360000000000003E-021
   87.500000000000000        2.4498461538461540E-021
   88.500000000000000        2.3636923076923078E-021
   89.500000000000000        2.2775384615384616E-021
   90.500000000000000        2.1913846153846154E-021
   91.500000000000000        2.1052307692307699E-021
   92.500000000000000        2.0190769230769233E-021
   93.500000000000000        1.9329230769230774E-021
   94.500000000000000        1.8467692307692308E-021
   95.500000000000000        1.7606153846153850E-021
   96.500000000000000        1.6744615384615388E-021
   97.500000000000000        1.5883076923076925E-021
   98.500000000000000        1.5021538461538463E-021
   99.500000000000000        1.4160000000000003E-021
   100.50000000000000        1.3298461538461541E-021
   101.50000000000000        1.2436923076923080E-021
   102.50000000000000        1.1575384615384618E-021
   103.50000000000000        1.0713846153846156E-021
   104.50000000000000        9.8523076923076935E-022
   105.50000000000000        8.9907692307692331E-022
   106.50000000000000        8.5381922525107609E-022
   107.50000000000000        9.0899999999999998E-022
   108.50000000000000        9.8350000000000018E-022
   109.50000000000000        9.2999999999999999E-022
   110.50000000000000        9.2999999999999999E-022
   111.50000000000000        1.1735000000000002E-021
   112.50000000000000        1.3200000000000000E-021
   113.50000000000000        9.8350000000000018E-022
   114.50000000000000        7.0700000000000008E-022
   115.50000000000000        6.3250000000000006E-022
   116.50000000000000        6.7900000000000009E-022
   117.50000000000000        7.8150000000000009E-022
   118.50000000000000        8.4649999999999997E-022
   119.50000000000000        1.2100000000000000E-021
   120.50000000000000        1.8050000000000003E-021
   121.50000000000000        2.1950000000000005E-021
   122.50000000000000        2.1600000000000002E-021
   123.50000000000000        1.5850000000000003E-021
   124.50000000000000        9.6900000000000001E-022
   125.50000000000000        7.4399999999999997E-022
   126.50000000000000        6.1400000000000012E-022
   127.50000000000000        5.9500000000000004E-022
   128.50000000000000        6.7850000000000006E-022
   129.50000000000000        8.2750000000000009E-022
   130.50000000000000        1.2450000000000002E-021
   131.50000000000000        1.5450000000000000E-021
   132.50000000000000        1.5300000000000002E-021
   133.50000000000000        1.6400000000000002E-021
   134.50000000000000        1.7300000000000000E-021
   135.50000000000000        1.6157142857142858E-021
   136.50000000000000        1.4211864406779668E-021
   137.50000000000000        1.0366842105263131E-021
   138.50000000000000        7.9148275862068991E-022
   139.50000000000000        7.3631034482758605E-022
   140.50000000000000        6.8733333333333320E-022
   141.50000000000000        6.4169230769230810E-022
   142.50000000000000        6.0682926829268298E-022
   143.50000000000000        5.7658536585365844E-022
   144.50000000000000        5.5269047619047605E-022
   145.50000000000000        5.3221428571428546E-022
   146.50000000000000        5.0355813953488335E-022
   147.50000000000000        4.6820930232558107E-022
   148.50000000000000        4.3313333333333310E-022
   149.50000000000000        3.9846666666666640E-022
   150.50000000000000        3.6404347826086938E-022
   151.50000000000000        3.3100000000000003E-022
   152.50000000000000        2.9795652173913062E-022
   153.50000000000000        2.6623404255319160E-022
   154.50000000000000        2.3474468085106389E-022
   155.50000000000000        2.0757142857142852E-022
   156.50000000000000        1.8471428571428557E-022
   157.50000000000000        1.6215686274509784E-022
   158.50000000000000        1.4529411764705871E-022
   159.50000000000000        1.2843137254901958E-022
   160.50000000000000        1.1571153846153843E-022
   161.50000000000000        1.0713461538461536E-022
   162.50000000000000        9.8557692307692272E-023
   163.50000000000000        9.4000000000000013E-023
   164.50000000000000        8.9888888888888920E-023
   165.50000000000000        8.6228571428571447E-023
   166.50000000000000        8.4371428571428571E-023
   167.50000000000000        8.2514285714285707E-023
   168.50000000000000        8.1442105263157906E-023
   169.50000000000000        8.1547368421052638E-023
   170.50000000000000        8.1652631578947358E-023
   171.50000000000000        8.2700000000000015E-023
   172.50000000000000        8.4518181818181820E-023
   173.50000000000000        8.5303333333333351E-023
   174.50000000000000        8.2513888888888888E-023
   175.50000000000000        8.1500000000000009E-023
   176.50000000000000        8.0500000000000017E-023
   177.50000000000000        7.9500000000000012E-023
   178.50000000000000        7.8500000000000008E-023
   179.50000000000000        7.7500000000000003E-023
   180.50000000000000        7.6099999999999997E-023
   181.50000000000000        7.4300000000000012E-023
   182.50000000000000        7.2500000000000004E-023
   183.50000000000000        7.0700000000000019E-023
   184.50000000000000        6.8900000000000011E-023
   185.50000000000000        6.6400000000000006E-023
   186.50000000000000        6.3200000000000015E-023
   187.50000000000000        6.0000000000000012E-023
   188.50000000000000        5.6799999999999998E-023
   189.50000000000000        5.3600000000000007E-023
   190.50000000000000        5.0800000000000006E-023
   191.50000000000000        4.8400000000000007E-023
   192.50000000000000        4.6000000000000008E-023
   193.50000000000000        4.3600000000000003E-023
   194.50000000000000        4.1199999999999998E-023
   195.50000000000000        3.9099999999999994E-023
   196.50000000000000        3.7299999999999998E-023
   197.50000000000000        3.5500000000000002E-023
   198.50000000000000        3.3699999999999999E-023
   199.50000000000000        3.1899999999999997E-023
   200.50000000000000        3.1594999999999998E-023
   201.50000000000000        3.2784999999999996E-023
   202.50000000000000        3.3974999999999999E-023
   203.50000000000000        3.5164999999999997E-023
   204.50000000000000        3.6354999999999995E-023
   205.50000000000000        3.7544999999999998E-023
   206.50000000000000        3.8735000000000002E-023
   207.50000000000000        3.9925000000000000E-023
   208.50000000000000        4.1114999999999997E-023
   209.50000000000000        4.2304999999999995E-023
   210.50000000000000        4.9703109609609587E-023
   211.50000000000000        6.3309328828828750E-023
   212.50000000000000        7.6915548048047924E-023
   213.50000000000000        8.7657671794871787E-023
   214.50000000000000        9.4274809900990101E-023
   215.50000000000000        1.0700049643564359E-022
   216.50000000000000        1.2066158514851509E-022
   217.50000000000000        1.3522766435643531E-022
   218.50000000000000        1.5248283168316830E-022
   219.50000000000000        1.7044240297029705E-022
   220.50000000000000        1.8973102178217819E-022
   221.50000000000000        2.1034778019801971E-022
   222.50000000000000        2.3236485940594065E-022
   223.50000000000000        2.5609678712871278E-022
   224.50000000000000        2.8284972178217840E-022
   225.50000000000000        3.0796845643564358E-022
   226.50000000000000        3.3769713465346532E-022
   227.50000000000000        3.6724715940594055E-022
   228.50000000000000        3.9878310594059430E-022
   229.50000000000000        4.3191680198019821E-022
   230.50000000000000        4.6612471980198001E-022
   231.50000000000000        5.0025713465346533E-022
   232.50000000000000        5.3760179405940556E-022
   233.50000000000000        5.7361854950495048E-022
   234.50000000000000        6.1241278712871281E-022
   235.50000000000000        6.4843927128712885E-022
   236.50000000000000        6.8713999504950487E-022
   237.50000000000000        7.2747226534653445E-022
   238.50000000000000        7.6269694653465351E-022
   239.50000000000000        8.0373673465346536E-022
   240.50000000000000        8.3831333861386130E-022
   241.50000000000000        8.7382213366336611E-022
   242.50000000000000        9.0713761881188094E-022
   243.50000000000000        9.4385305049504939E-022
   244.50000000000000        9.6695825346534634E-022
   245.50000000000000        1.0097343732673270E-021
   246.50000000000000        1.0202175742574259E-021
   247.50000000000000        1.0540338217821783E-021
   248.50000000000000        1.0688087920792080E-021
   249.50000000000000        1.0973383465346539E-021
   250.50000000000000        1.0998305742574257E-021
   251.50000000000000        1.1196707623762379E-021
   252.50000000000000        1.1248701386138616E-021
   253.50000000000000        1.1321422673267338E-021
   254.50000000000000        1.1262359702970296E-021
   255.50000000000000        1.1491596732673267E-021
   256.50000000000000        1.1131148613861381E-021
   257.50000000000000        1.1119306930693073E-021
   258.50000000000000        1.1260074059405944E-021
   259.50000000000000        1.0765727128712866E-021
   260.50000000000000        1.0854506930693068E-021
   261.50000000000000        1.0480924455445539E-021
   262.50000000000000        1.0367952475247532E-021
   263.50000000000000        9.9004534257425732E-022
   264.50000000000000        9.8806410990099035E-022
   265.50000000000000        9.4558087029702949E-022
   266.50000000000000        9.1258413267326722E-022
   267.50000000000000        8.7869975049504966E-022
   268.50000000000000        8.3064815445544574E-022
   269.50000000000000        8.0803518811881251E-022
   270.50000000000000        7.6292623564356464E-022
   271.50000000000000        7.2314862376237657E-022
   272.50000000000000        6.8982477821782143E-022
   273.50000000000000        6.4602455247524792E-022
   274.50000000000000        5.9516410198019848E-022
   275.50000000000000        5.6583623069306935E-022
   276.50000000000000        5.2677918019802006E-022
   277.50000000000000        4.8931054851485157E-022
   278.50000000000000        4.5115755148514836E-022
   279.50000000000000        4.1801203861386142E-022
   280.50000000000000        3.7850367623762390E-022
   281.50000000000000        3.4491388217821780E-022
   282.50000000000000        3.1534166237623743E-022
   283.50000000000000        2.9225140891089143E-022
   284.50000000000000        2.5781322475247521E-022
   285.50000000000000        2.3248976930693084E-022
   286.50000000000000        2.1144133069306923E-022
   287.50000000000000        1.8797606039603945E-022
   288.50000000000000        1.6373082574257411E-022
   289.50000000000000        1.4632935445544541E-022
   290.50000000000000        1.3079202178217798E-022
   291.50000000000000        1.1474912277227718E-022
   292.50000000000000        1.0127877168316850E-022
   293.50000000000000        8.8460012574257721E-023
   294.50000000000000        7.8478517029702806E-023
   295.50000000000000        6.7709807227722562E-023
   296.50000000000000        5.8868558910890962E-023
   297.50000000000000        5.1049540198020026E-023
   298.50000000000000        4.4660890990099075E-023
   299.50000000000000        3.8427010099009916E-023
   300.50000000000000        3.3693171584158364E-023
   301.50000000000000        2.8869445148514688E-023
   302.50000000000000        2.5461358118811816E-023
   303.50000000000000        2.1698506237623721E-023
   304.50000000000000        1.9439901089108909E-023
   305.50000000000000        1.6172983267326743E-023
   306.50000000000000        1.4782725841584163E-023
   307.50000000000000        1.2024978712871259E-023
   308.50000000000000        1.1072828316831688E-023
   309.50000000000000        9.2901626237623724E-024
   310.50000000000000        8.1092063069306962E-024
   311.50000000000000        7.3197805445544570E-024
   312.50000000000000        5.8976264653465321E-024
   313.50000000000000        5.6096358019801998E-024
   314.50000000000000        4.3728549306930673E-024
   315.50000000000000        4.2052442178217805E-024
   316.50000000000000        3.2460790792079123E-024
   317.50000000000000        3.2687467821782237E-024
   318.50000000000000        2.3798667425742576E-024
   319.50000000000000        2.2498465940594002E-024
   320.50000000000000        2.0435882277227749E-024
   321.50000000000000        1.2916985148514812E-024
   322.50000000000000        1.9071977227722811E-024
   323.50000000000000        9.4391044851485027E-025
   324.50000000000000        1.0193694207920801E-024
   325.50000000000000        1.1312081198019790E-024
   326.50000000000000        5.0294368613861242E-025
   327.50000000000000        7.2980611188118779E-025
   328.50000000000000        7.0734090297029616E-025
   329.50000000000000        2.5566030891089062E-025
   330.50000000000000        4.5969041287128689E-025
   331.50000000000000        4.8895003762376414E-025
   332.50000000000000        1.6605071683168255E-025
   333.50000000000000        3.1242025346534679E-025
   334.50000000000000        2.3289055643564310E-025
   335.50000000000000        8.3403027128712751E-026
   336.50000000000000        1.3261926702970314E-025
   337.50000000000000        2.4157298415841684E-025
   338.50000000000000        7.6188940099009633E-026
   339.50000000000000        5.6299071584158172E-026
   340.50000000000000        1.1775784306930756E-025
   341.50000000000000        3.5493125544554423E-026
   342.50000000000000        2.1133832376237561E-026
   343.50000000000000        5.1194735940593812E-026
   344.50000000000000        8.1482318415841622E-026
   345.50000000000000        2.4196731188118786E-026
   346.50000000000000        1.3160691089108884E-026
   347.50000000000000        2.8432395445544715E-026
   348.50000000000000        9.6214126039603911E-027
   349.50000000000000        6.1220582871287022E-027
   350.50000000000000        6.7175203168316715E-027
   351.50000000000000        2.4741756376237743E-026
   352.50000000000000        1.1935170386138573E-026
   353.50000000000000        4.6738480594059372E-027
   354.50000000000000        3.3854134059405850E-027
   355.50000000000000        4.1465735247524761E-027
   356.50000000000000        2.4917960099009870E-027
   357.50000000000000        2.0973262376237613E-027
   358.50000000000000        1.3446501584158387E-027
   359.50000000000000        4.2756487524752618E-027
   360.50000000000000        2.9640877227722748E-027
   361.50000000000000        1.2271035079207912E-027
   362.50000000000000        6.1091843168316776E-028
   363.50000000000000        6.0525118910891095E-028
   364.50000000000000        6.7228556336633544E-028
   365.50000000000000        7.3557985742574199E-028
   366.50000000000000        4.3493166534653409E-028
   367.50000000000000        3.0504989603960379E-028
   368.50000000000000        6.5304756534653636E-028
   369.50000000000000        4.4988425049504900E-028
   370.50000000000000        2.5003872673267336E-028
   371.50000000000000        1.5338784445544549E-028
   372.50000000000000        8.9176846633663217E-029
   373.50000000000000        1.7776245980198077E-028
   374.50000000000000        1.6386467920792014E-028
   375.50000000000000        1.4089575801980196E-028
   376.50000000000000        1.6919512465346559E-028
   377.50000000000000        1.1171673945346490E-028
   378.50000000000000        8.8669252178218020E-029
   379.50000000000000        1.0407678871287133E-028
   380.50000000000000        1.2361730752475264E-028
   381.50000000000000        1.7495703762376202E-028
   382.50000000000000        1.9347210693069357E-028
   383.50000000000000        2.1418860000000044E-028
   384.50000000000000        1.8646221029702856E-028
   385.50000000000000        2.2243583861386193E-028
   386.50000000000000        2.6896663861386284E-028
   387.50000000000000        3.1064542178217893E-028
   388.50000000000000        3.3431080693069300E-028
   389.50000000000000        3.6672206039603878E-028
   390.50000000000000        3.7641864950494941E-028
   391.50000000000000        3.9816253366336677E-028
   392.50000000000000        4.2963938514851540E-028
   393.50000000000000        5.6595194356435644E-028
   394.50000000000000        6.7915027821782205E-028
   395.50000000000000        7.6949064653465373E-028
   396.50000000000000        7.6346860000000014E-028
   397.50000000000000        6.8650291980197996E-028
   398.50000000000000        6.6048702970297084E-028
   399.50000000000000        6.8979876732673249E-028
   400.50000000000000        7.9585206138613855E-028
   401.50000000000000        9.4525226732673237E-028
   402.50000000000000        1.0568116574257459E-027
   403.50000000000000        1.0504818079207894E-027
   404.50000000000000        9.9118987524752614E-028
   405.50000000000000        1.0190282891089114E-027
   406.50000000000000        1.2385124851485141E-027
   407.50000000000000        1.6240405049504954E-027
   408.50000000000000        2.0547528217821779E-027
   409.50000000000000        2.2685964950495071E-027
   410.50000000000000        2.2937348019801983E-027
   411.50000000000000        2.1467016732673271E-027
   412.50000000000000        1.9597321188118805E-027
   413.50000000000000        1.8582006237623753E-027
   414.50000000000000        2.0108622673267318E-027
   415.50000000000000        2.4100833267326715E-027
   416.50000000000000        2.8235352376237607E-027
   417.50000000000000        3.0554361188118791E-027
   418.50000000000000        3.0350054554455473E-027
   419.50000000000000        2.9328051683168315E-027
   420.50000000000000        3.0246812178217813E-027
   421.50000000000000        3.4396928811881173E-027
   422.50000000000000        4.2950771584158405E-027
   423.50000000000000        5.2876081386138627E-027
   424.50000000000000        6.2090791188118842E-027
   425.50000000000000        6.6622891485148515E-027
   426.50000000000000        6.5632031683168318E-027
   427.50000000000000        6.1178379306930713E-027
   428.50000000000000        5.5955782574257422E-027
   429.50000000000000        5.3832435445544568E-027
   430.50000000000000        5.7799467227722765E-027
   431.50000000000000        6.7242775643564364E-027
   432.50000000000000        7.6822258316831660E-027
   433.50000000000000        8.1188482772277246E-027
   434.50000000000000        7.9889767920792057E-027
   435.50000000000000        7.7131195247524743E-027
   436.50000000000000        7.8133765643564332E-027
   437.50000000000000        8.6575517623762387E-027
   438.50000000000000        1.0317406079207920E-026
   439.50000000000000        1.2321458019801983E-026
   440.50000000000000        1.4302265445544553E-026
   441.50000000000000        1.6178662178217828E-026
   442.50000000000000        1.7111838019801981E-026
   443.50000000000000        1.6968576831683168E-026
   444.50000000000000        1.5741429009900991E-026
   445.50000000000000        1.4377725643564353E-026
   446.50000000000000        1.3642175643564356E-026
   447.50000000000000        1.3764830297029697E-026
   448.50000000000000        1.5001094059405945E-026
   449.50000000000000        1.6755658118811892E-026
   450.50000000000000        1.8169003465346539E-026
   451.50000000000000        1.8588811287128717E-026
   452.50000000000000        1.8328987920792090E-026
   453.50000000000000        1.8109604554455447E-026
   454.50000000000000        1.8502413465346534E-026
   455.50000000000000        2.0149423366336640E-026
   456.50000000000000        2.2887370594059408E-026
   457.50000000000000        2.6387844851485146E-026
   458.50000000000000        3.0347070396039602E-026
   459.50000000000000        3.4293559108910895E-026
   460.50000000000000        3.7543921485148501E-026
   461.50000000000000        3.9283194158415846E-026
   462.50000000000000        3.8791984554455447E-026
   463.50000000000000        3.6617976831683176E-026
   464.50000000000000        3.3986331188118807E-026
   465.50000000000000        3.1993549108910865E-026
   466.50000000000000        3.1629009207920784E-026
   467.50000000000000        3.3199832673267344E-026
   468.50000000000000        3.6100362574257423E-026
   469.50000000000000        3.8569364554455469E-026
   470.50000000000000        3.9660422475247544E-026
   471.50000000000000        3.9694555049504953E-026
   472.50000000000000        3.9450925940594056E-026
   473.50000000000000        3.9958873960396019E-026
   474.50000000000000        4.1738675742574238E-026
   475.50000000000000        4.5255795346534682E-026
   476.50000000000000        5.0176896930693078E-026
   477.50000000000000        5.6274906732673251E-026
   478.50000000000000        6.3045402574257410E-026
   479.50000000000000        7.0062118415841569E-026
   480.50000000000000        7.6572736831683199E-026
   481.50000000000000        8.1186102277227699E-026
   482.50000000000000        8.2798891584158415E-026
   483.50000000000000        8.1433756336633657E-026
   484.50000000000000        7.8289765049504937E-026
   485.50000000000000        7.4791832475247524E-026
   486.50000000000000        7.2104798118811893E-026
   487.50000000000000        7.1239087524752430E-026
   488.50000000000000        7.2668493465346508E-026
   489.50000000000000        7.5720009306930721E-026
   490.50000000000000        7.9064210990099023E-026
   491.50000000000000        8.1518182871287130E-026
   492.50000000000000        8.2749460792079188E-026
   493.50000000000000        8.3292087821782183E-026
   494.50000000000000        8.3995441683168299E-026
   495.50000000000000        8.5870766930693082E-026
   496.50000000000000        8.9496910396039625E-026
   497.50000000000000        9.5270542079207924E-026
   498.50000000000000        1.0277865079207920E-025
   499.50000000000000        1.1152898514851485E-025
   500.50000000000000        1.2115282970297029E-025
   501.50000000000000        1.3135501485148515E-025
   502.50000000000000        1.4127346831683162E-025
   503.50000000000000        1.4974600990099012E-025
   504.50000000000000        1.5583382178217821E-025
   505.50000000000000        1.5889284158415841E-025
   506.50000000000000        1.5890000099009906E-025
   507.50000000000000        1.5652781485148515E-025
   508.50000000000000        1.5313899900990101E-025
   509.50000000000000        1.4997831386138616E-025
   510.50000000000000        1.4819092772277229E-025
   511.50000000000000        1.4832653861386136E-025
   512.50000000000000        1.5039772772277228E-025
   513.50000000000000        1.5385032079207918E-025
   514.50000000000000        1.5782550198019806E-025
   515.50000000000000        1.6158794653465344E-025
   516.50000000000000        1.6486879306930694E-025
   517.50000000000000        1.6776507128712867E-025
   518.50000000000000        1.7064301584158417E-025
   519.50000000000000        1.7399039405940597E-025
   520.50000000000000        1.7813632772277225E-025
   521.50000000000000        1.8348565643564353E-025
   522.50000000000000        1.9010503168316832E-025
   523.50000000000000        1.9802128019801973E-025
   524.50000000000000        2.0699737227722778E-025
   525.50000000000000        2.1666854752475246E-025
   526.50000000000000        2.2672452277227726E-025
   527.50000000000000        2.3688908019801988E-025
   528.50000000000000        2.4669630297029706E-025
   529.50000000000000        2.5576723069306941E-025
   530.50000000000000        2.6370758217821767E-025
   531.50000000000000        2.7008237425742567E-025
   532.50000000000000        2.7465178415841579E-025
   533.50000000000000        2.7726554554455449E-025
   534.50000000000000        2.7797521089108905E-025
   535.50000000000000        2.7739498811881187E-025
   536.50000000000000        2.7654018613861395E-025
   537.50000000000000        2.7648032277227725E-025
   538.50000000000000        2.7796848613861394E-025
   539.50000000000000        2.8127390099009907E-025
   540.50000000000000        2.8617894455445535E-025
   541.50000000000000        2.9208777722772278E-025
   542.50000000000000        2.9831138316831698E-025
   543.50000000000000        3.0424642673267320E-025
   544.50000000000000        3.0952216336633655E-025
   545.50000000000000        3.1391452772277235E-025
   546.50000000000000        3.1760207524752478E-025
   547.50000000000000        3.2079218712871293E-025
   548.50000000000000        3.2364295049504952E-025
   549.50000000000000        3.2642860495049499E-025
   550.50000000000000        3.2927369108910901E-025
   551.50000000000000        3.3239079801980205E-025
   552.50000000000000        3.3583072376237618E-025
   553.50000000000000        3.3970533168316837E-025
   554.50000000000000        3.4422816237623769E-025
   555.50000000000000        3.4958826039603967E-025
   556.50000000000000        3.5596498910891099E-025
   557.50000000000000        3.6364807029702973E-025
   558.50000000000000        3.7234000000000007E-025
   559.50000000000000        3.8194389207920799E-025
   560.50000000000000        3.9199845247524747E-025
   561.50000000000000        4.0194082079207930E-025
   562.50000000000000        4.1122606831683174E-025
   563.50000000000000        4.1951347821782172E-025
   564.50000000000000        4.2684401188118822E-025
   565.50000000000000        4.3340162673267332E-025
   566.50000000000000        4.3932163960396053E-025
   567.50000000000000        4.4500108316831704E-025
   568.50000000000000        4.5066897821782158E-025
   569.50000000000000        4.5654712178217818E-025
   570.50000000000000        4.6235698811881198E-025
   571.50000000000000        4.6765350396039603E-025
   572.50000000000000        4.7195651386138635E-025
   573.50000000000000        4.7457055346534648E-025
   574.50000000000000        4.7517549207920787E-025
   575.50000000000000        4.7384609603960384E-025
   576.50000000000000        4.7103854653465375E-025
   577.50000000000000        4.6715770594059413E-025
   578.50000000000000        4.6271970693069318E-025
   579.50000000000000        4.5785936930693072E-025
   580.50000000000000        4.5305731287128697E-025
   581.50000000000000        4.4847693168316822E-025
   582.50000000000000        4.4446531287128701E-025
   583.50000000000000        4.4106762970297028E-025
   584.50000000000000        4.3833635148514868E-025
   585.50000000000000        4.3633562376237624E-025
   586.50000000000000        4.3509372772277243E-025
   587.50000000000000        4.3466020693069303E-025
   588.50000000000000        4.3515067029702982E-025
   589.50000000000000        4.3662332079207927E-025
   590.50000000000000        4.3927673762376242E-025
   591.50000000000000        4.4351243069306934E-025
   592.50000000000000        4.4941214059405946E-025
   593.50000000000000        4.5697498316831667E-025
   594.50000000000000        4.6563362079207908E-025
   595.50000000000000        4.7483882673267324E-025
   596.50000000000000        4.8420308217821797E-025
   597.50000000000000        4.9321824851485160E-025
   598.50000000000000        5.0131549801980187E-025
   599.50000000000000        5.0803064554455437E-025
   600.50000000000000        5.1291107326732687E-025
   601.50000000000000        5.1571080396039633E-025
   602.50000000000000        5.1633777326732675E-025
   603.50000000000000        5.1481001584158410E-025
   604.50000000000000        5.1146888316831688E-025
   605.50000000000000        5.0639585841584165E-025
   606.50000000000000        4.9993563366336634E-025
   607.50000000000000        4.9225287623762369E-025
   608.50000000000000        4.8379779702970286E-025
   609.50000000000000        4.7488189108910896E-025
   610.50000000000000        4.6588062673267313E-025
   611.50000000000000        4.5700588217821785E-025
   612.50000000000000        4.4840870198019805E-025
   613.50000000000000        4.4017224158415833E-025
   614.50000000000000        4.3234238811881192E-025
   615.50000000000000        4.2503649603960389E-025
   616.50000000000000        4.1812272574257422E-025
   617.50000000000000        4.1173179702970298E-025
   618.50000000000000        4.0579430297029692E-025
   619.50000000000000        4.0038672871287143E-025
   620.50000000000000        3.9535399405940598E-025
   621.50000000000000        3.9058340891089121E-025
   622.50000000000000        3.8601248217821781E-025
   623.50000000000000        3.8146557722772281E-025
   624.50000000000000        3.7695498514851486E-025
   625.50000000000000        3.7229340297029700E-025
   626.50000000000000        3.6742323168316835E-025
   627.50000000000000        3.6230308811881182E-025
   628.50000000000000        3.5698762277227723E-025
   629.50000000000000        3.5157040891089101E-025
   630.50000000000000        3.4628822079207930E-025
   631.50000000000000        3.4105889108910895E-025
   632.50000000000000        3.3579414356435653E-025
   633.50000000000000        3.3044989702970297E-025
   634.50000000000000        3.2475235148514859E-025
   635.50000000000000        3.1876001485148514E-025
   636.50000000000000        3.1270209900990115E-025
   637.50000000000000        3.0669074059405931E-025
   638.50000000000000        3.0056174059405948E-025
   639.50000000000000        2.9435359603960397E-025
   640.50000000000000        2.8817967623762373E-025
   641.50000000000000        2.8224819009900995E-025
   642.50000000000000        2.7675598613861402E-025
   643.50000000000000        2.7174803366336632E-025
   644.50000000000000        2.6702525940594053E-025
   645.50000000000000        2.6238128811881183E-025
   646.50000000000000        2.5769869801980202E-025
   647.50000000000000        2.5309258118811883E-025
   648.50000000000000        2.4874492574257432E-025
   649.50000000000000        2.4467556831683164E-025
   650.50000000000000        2.4078258415841587E-025
   651.50000000000000        2.3695007326732684E-025
   652.50000000000000        2.3300392475247519E-025
   653.50000000000000        2.2888724257425742E-025
   654.50000000000000        2.2471997821782176E-025
   655.50000000000000        2.2054248712871285E-025
   656.50000000000000        2.1647449207920786E-025
   657.50000000000000        2.1252070693069307E-025
   658.50000000000000        2.0865120891089107E-025
   659.50000000000000        2.0489440891089110E-025
   660.50000000000000        2.0123208712871284E-025
   661.50000000000000        1.9767300792079213E-025
   662.50000000000000        1.9418152673267332E-025
   663.50000000000000        1.9052856732673263E-025
   664.50000000000000        1.8654852673267329E-025
   665.50000000000000        1.8235786930693076E-025
   666.50000000000000        1.7813361089108907E-025
   667.50000000000000        1.7392447227722770E-025
   668.50000000000000        1.6977011584158415E-025
   669.50000000000000        1.6568089009900988E-025
   670.50000000000000        1.6169353762376241E-025
   671.50000000000000        1.5778791485148520E-025
   672.50000000000000        1.5404373168316830E-025
   673.50000000000000        1.5048100297029699E-025
   674.50000000000000        1.4706274554455443E-025
   675.50000000000000        1.4375110099009903E-025
   676.50000000000000        1.4049242079207930E-025
   677.50000000000000        1.3731973762376238E-025
   678.50000000000000        1.3426044554455450E-025
   679.50000000000000        1.3150320000000000E-025
   680.50000000000000        1.2906568217821785E-025
   681.50000000000000        1.2692874356435645E-025
   682.50000000000000        1.2506980693069309E-025
   683.50000000000000        1.2335738613861385E-025
   684.50000000000000        1.2154182574257427E-025
   685.50000000000000        1.1940283564356435E-025
   686.50000000000000        1.1692113267326734E-025
   687.50000000000000        1.1408435346534655E-025
   688.50000000000000        1.1103553168316831E-025
   689.50000000000000        1.0793416336633665E-025
   690.50000000000000        1.0491906336633663E-025
   691.50000000000000        1.0209256336633665E-025
   692.50000000000000        9.9373555841584170E-026
   693.50000000000000        9.6662308613861403E-026
   694.50000000000000        9.3944186039603990E-026
   695.50000000000000        9.1315405247524749E-026
   696.50000000000000        8.8735885148514860E-026
   697.50000000000000        8.6214690990099011E-026
   698.50000000000000        8.3833697227722790E-026
   699.50000000000000        8.1647057128712855E-026
   700.50000000000000        7.9632928910891093E-026
   701.50000000000000        7.7845750396039622E-026
   702.50000000000000        7.6247712376237631E-026
   703.50000000000000        7.4805121782178211E-026
   704.50000000000000        7.3530772871287143E-026
   705.50000000000000        7.2343096138613858E-026
   706.50000000000000        7.1245363564356445E-026
   707.50000000000000        7.0207032574257443E-026
   708.50000000000000        6.9215259702970282E-026
   709.50000000000000        6.8295611287128726E-026
   710.50000000000000        6.7449761782178269E-026
   711.50000000000000        6.6750220792079186E-026
   712.50000000000000        6.6297382277227761E-026
   713.50000000000000        6.6082412772277203E-026
   714.50000000000000        6.6002445544554491E-026
   715.50000000000000        6.5727555643564367E-026
   716.50000000000000        6.4966551386138615E-026
   717.50000000000000        6.3624247920792126E-026
   718.50000000000000        6.1727309801980198E-026
   719.50000000000000        5.9480571287128724E-026
   720.50000000000000        5.7205128910891099E-026
   721.50000000000000        5.5084578712871294E-026
   722.50000000000000        5.3278426138613865E-026
   723.50000000000000        5.1804892673267317E-026
   724.50000000000000        5.0603243168316841E-026
   725.50000000000000        4.9498839306930685E-026
   726.50000000000000        4.8279561980198004E-026
   727.50000000000000        4.6902803762376237E-026
   728.50000000000000        4.5469660594059412E-026
   729.50000000000000        4.4153500198019812E-026
   730.50000000000000        4.3038934851485166E-026
   731.50000000000000        4.2100681386138617E-026
   732.50000000000000        4.1403474158415833E-026
   733.50000000000000        4.0899912475247521E-026
   734.50000000000000        4.0581683564356434E-026
   735.50000000000000        4.0383395148514837E-026
   736.50000000000000        4.0194667425742560E-026
   737.50000000000000        4.0003033168316822E-026
   738.50000000000000        3.9812693465346534E-026
   739.50000000000000        3.9759099207920793E-026
   740.50000000000000        3.9859928415841580E-026
   741.50000000000000        4.0159513861386135E-026
   742.50000000000000        4.0648064059405941E-026
   743.50000000000000        4.1352674653465348E-026
   744.50000000000000        4.2173382376237644E-026
   745.50000000000000        4.2991767425742582E-026
   746.50000000000000        4.3553161485148547E-026
   747.50000000000000        4.3675354851485139E-026
   748.50000000000000        4.3237066435643564E-026
   749.50000000000000        4.2097915049504915E-026
   750.50000000000000        4.0274242871287116E-026
   751.50000000000000        3.8046526831683158E-026
   752.50000000000000        3.5683906633663367E-026
   753.50000000000000        3.3470853861386140E-026
   754.50000000000000        3.1599806831683168E-026
   755.50000000000000        3.0030927722772286E-026
   756.50000000000000        2.8727560693069318E-026
   757.50000000000000        2.7699136534653473E-026
   758.50000000000000        2.6845267326732677E-026
   759.50000000000000        2.6179253069306949E-026
   760.50000000000000        2.5632567227722781E-026
   761.50000000000000        2.5159418613861393E-026
   762.50000000000000        2.4737075148514839E-026
   763.50000000000000        2.4367782772277231E-026
   764.50000000000000        2.4014601881188126E-026
   765.50000000000000        2.3759598019801984E-026
   766.50000000000000        2.3554230990099002E-026
   767.50000000000000        2.3414700693069309E-026
   768.50000000000000        2.3400946534653462E-026
   769.50000000000000        2.3494469999999998E-026
   770.50000000000000        2.3780972376237629E-026
   771.50000000000000        2.4252684257425740E-026
   772.50000000000000        2.4960105247524766E-026
   773.50000000000000        2.5927637722772292E-026
   774.50000000000000        2.7139082871287149E-026
   775.50000000000000        2.8548668811881198E-026
   776.50000000000000        2.9885480495049496E-026
   777.50000000000000        3.1047454455445534E-026
   778.50000000000000        3.1816184356435642E-026
   779.50000000000000        3.1926684950495044E-026
   780.50000000000000        3.1503660000000006E-026
   781.50000000000000        3.0479765148514845E-026
   782.50000000000000        2.8986088910891083E-026
   783.50000000000000        2.7254478415841583E-026
   784.50000000000000        2.5514317524752476E-026
   785.50000000000000        2.3933047326732678E-026
   786.50000000000000        2.2583911386138610E-026
   787.50000000000000        2.1460980792079203E-026
   788.50000000000000        2.0477413366336640E-026
   789.50000000000000        1.9678299405940599E-026
   790.50000000000000        1.8895667524752469E-026
   791.50000000000000        1.8149320594059406E-026
   792.50000000000000        1.7419572871287135E-026
   793.50000000000000        1.6688634158415849E-026
   794.50000000000000        1.6029587821782172E-026
   795.50000000000000        1.5506918712871297E-026
   796.50000000000000        1.5057182871287122E-026
   797.50000000000000        1.4778908316831687E-026
   798.50000000000000        1.4491545049504951E-026
   799.50000000000000        1.4269239504950497E-026
   800.50000000000000        1.4071035148514866E-026
   801.50000000000000        1.3867834554455443E-026
   802.50000000000000        1.3771629603960383E-026
   803.50000000000000        1.3800598217821794E-026
   804.50000000000000        1.3850014752475235E-026
   805.50000000000000        1.4106027623762371E-026
   806.50000000000000        1.4626013069306923E-026
   807.50000000000000        1.5332485841584163E-026
   808.50000000000000        1.6173450594059402E-026
   809.50000000000000        1.7195372277227746E-026
   810.50000000000000        1.8170159801980193E-026
   811.50000000000000        1.9129425049504954E-026
   812.50000000000000        2.0174918217821783E-026
   813.50000000000000        2.1056865346534633E-026
   814.50000000000000        2.1902284554455424E-026
   815.50000000000000        2.2526874455445548E-026
   816.50000000000000        2.2822514059405957E-026
   817.50000000000000        2.2695510891089118E-026
   818.50000000000000        2.2205697227722778E-026
   819.50000000000000        2.1383112772277220E-026
   820.50000000000000        2.0226860297029697E-026
   821.50000000000000        1.8791120297029726E-026
   822.50000000000000        1.7202142178217814E-026
   823.50000000000000        1.5538600396039595E-026
   824.50000000000000        1.4050307227722769E-026
   825.50000000000000        1.2786300396039607E-026
   826.50000000000000        1.1551728613861394E-026
   827.50000000000000        1.0618287326732676E-026
   828.50000000000000        9.7590969009901082E-027
   829.50000000000000        9.0570965247524948E-027
   830.50000000000000        8.4465771584158286E-027
   831.50000000000000        7.9938217326732655E-027
   832.50000000000000        7.6378240297029684E-027
   833.50000000000000        7.2815066336633930E-027
   834.50000000000000        7.1328223267326814E-027
   835.50000000000000        6.9942516930692978E-027
   836.50000000000000        6.9256628514851585E-027
   837.50000000000000        6.8830906534653264E-027
   838.50000000000000        6.8689520396039655E-027
   839.50000000000000        6.9721555445544492E-027
   840.50000000000000        7.0270889504950478E-027
   841.50000000000000        7.1967909801980055E-027
   842.50000000000000        7.4035234257425682E-027
   843.50000000000000        7.6803883069307030E-027
   844.50000000000000        7.9649565544554521E-027
   845.50000000000000        8.3937008019802189E-027
   846.50000000000000        8.8142444059405996E-027
   847.50000000000000        9.5064387326732754E-027
   848.50000000000000        1.0416523534653474E-026
   849.50000000000000        1.1419287920792070E-026
   850.50000000000000        1.2642354653465347E-026
   851.50000000000000        1.3884904455445549E-026
   852.50000000000000        1.5044135049504958E-026
   853.50000000000000        1.5588367722772281E-026
   854.50000000000000        1.5321928118811876E-026
   855.50000000000000        1.4756377524752479E-026
   856.50000000000000        1.4062836237623763E-026
   857.50000000000000        1.3384415445544555E-026
   858.50000000000000        1.2628675346534657E-026
   859.50000000000000        1.1874126930693065E-026
   860.50000000000000        1.0955979108910895E-026
   861.50000000000000        9.9768987029702975E-027
   862.50000000000000        8.8705050990098983E-027
   863.50000000000000        7.8560490792079200E-027
   864.50000000000000        7.0886857821782170E-027
   865.50000000000000        6.4419258811881203E-027
   866.50000000000000        5.8549175049504929E-027
   867.50000000000000        5.2997086930693092E-027
   868.50000000000000        4.8065785940594073E-027
   869.50000000000000        4.3963245940594086E-027
   870.50000000000000        4.0863356138613864E-027
   871.50000000000000        3.7919653564356471E-027
   872.50000000000000        3.5660704653465358E-027
   873.50000000000000        3.4065117029702965E-027
   874.50000000000000        3.3474607326732695E-027
   875.50000000000000        3.2684858712871273E-027
   876.50000000000000        3.2677144554455438E-027
   877.50000000000000        3.2763543564356416E-027
   878.50000000000000        3.3011767623762363E-027
   879.50000000000000        3.4364888217821798E-027
   880.50000000000000        3.5407954455445557E-027
   881.50000000000000        3.6884649801980185E-027
   882.50000000000000        3.8405541188118828E-027
   883.50000000000000        4.0522666732673261E-027
   884.50000000000000        4.2271203069306933E-027
   885.50000000000000        4.4469252970297061E-027
   886.50000000000000        4.7071652673267327E-027
   887.50000000000000        4.9221388217821756E-027
   888.50000000000000        5.0864501881188125E-027
   889.50000000000000        5.0862890396039599E-027
   890.50000000000000        5.0000085346534655E-027
   891.50000000000000        4.6276888712871264E-027
   892.50000000000000        4.5682981683168309E-027
   893.50000000000000        4.8413761881188120E-027
   894.50000000000000        5.2353314851485140E-027
   895.50000000000000        5.7379346336633689E-027
   896.50000000000000        6.1309007524752496E-027
   897.50000000000000        6.4172204356435646E-027
   898.50000000000000        6.4521807326732675E-027
   899.50000000000000        6.3390000990099038E-027
   900.50000000000000        6.0859880198019809E-027
   901.50000000000000        5.6579433168316827E-027
   902.50000000000000        5.1878206732673260E-027
   903.50000000000000        4.6790687326732649E-027
   904.50000000000000        4.2382612079207916E-027
   905.50000000000000        3.7923549603960412E-027
   906.50000000000000        3.4275324851485153E-027
   907.50000000000000        3.0613429207920795E-027
   908.50000000000000        2.7134166633663356E-027
   909.50000000000000        2.4722513762376233E-027
   910.50000000000000        2.2122091089108919E-027
   911.50000000000000        2.0159096831683165E-027
   912.50000000000000        1.8315900891089103E-027
   913.50000000000000        1.6397548019801983E-027
   914.50000000000000        1.5131703564356442E-027
   915.50000000000000        1.4235597128712880E-027
   916.50000000000000        1.3576825445544557E-027
   917.50000000000000        1.3007496039603977E-027
   918.50000000000000        1.2360535643564347E-027
   919.50000000000000        1.2150010990099019E-027
   920.50000000000000        1.2127899405940590E-027
   921.50000000000000        1.1785642970297050E-027
   922.50000000000000        1.1855635445544544E-027
   923.50000000000000        1.2064341683168327E-027
   924.50000000000000        1.2155758811881192E-027
   925.50000000000000        1.2324263366336635E-027
   926.50000000000000        1.2810522574257429E-027
   927.50000000000000        1.3187037326732671E-027
   928.50000000000000        1.3210998118811883E-027
   929.50000000000000        1.3324354356435656E-027
   930.50000000000000        1.3512626336633668E-027
   931.50000000000000        1.3512597524752469E-027
   932.50000000000000        1.2902044158415844E-027
   933.50000000000000        1.2195770990099008E-027
   934.50000000000000        1.2349079306930694E-027
   935.50000000000000        1.3395943168316833E-027
   936.50000000000000        1.5453527722772271E-027
   937.50000000000000        1.8404995247524752E-027
   938.50000000000000        2.2060998910891093E-027
   939.50000000000000        2.6030007326732664E-027
   940.50000000000000        3.0463348613861391E-027
   941.50000000000000        3.5243379108910892E-027
   942.50000000000000        3.9609258118811863E-027
   943.50000000000000        4.3203281089108946E-027
   944.50000000000000        4.4547051683168331E-027
   945.50000000000000        4.3136795148514856E-027
   946.50000000000000        3.9264317029702982E-027
   947.50000000000000        3.4000207326732665E-027
   948.50000000000000        2.8582466732673260E-027
   949.50000000000000        2.3535691485148527E-027
   950.50000000000000        1.9520706138613868E-027
   951.50000000000000        1.6886994851485142E-027
   952.50000000000000        1.5307932079207929E-027
   953.50000000000000        1.2607511386138619E-027
   954.50000000000000        1.1676489603960393E-027
   955.50000000000000        1.2291488316831670E-027
   956.50000000000000        1.1842561980198030E-027
   957.50000000000000        1.0817569009900984E-027
   958.50000000000000        9.5440567128712854E-028
   959.50000000000000        8.1934656633663277E-028
   960.50000000000000        7.2188439207920811E-028
   961.50000000000000        6.4103372079207972E-028
   962.50000000000000        6.3453046930693143E-028
   963.50000000000000        5.9477762871287120E-028
   964.50000000000000        6.2763826930693030E-028
   965.50000000000000        6.0892023267326687E-028
   966.50000000000000        5.5303775643564399E-028
   967.50000000000000        4.6365964653465332E-028
   968.50000000000000        3.9427391188118826E-028
   969.50000000000000        3.3982926039603956E-028
   970.50000000000000        2.7147546633663353E-028
   971.50000000000000        2.4533908514851515E-028
   972.50000000000000        2.1147962475247541E-028
   973.50000000000000        1.8654837821782179E-028
   974.50000000000000        1.6373799306930707E-028
   975.50000000000000        1.6000849405940635E-028
   976.50000000000000        1.3866241128712837E-028
   977.50000000000000        1.2583897544554459E-028
   978.50000000000000        1.3131484089108953E-028
   979.50000000000000        1.1656827257425717E-028
   980.50000000000000        1.2113265702970267E-028
   981.50000000000000        1.5488131188118815E-028
   982.50000000000000        1.6841720198019761E-028
   983.50000000000000        2.1016221980198094E-028
   984.50000000000000        2.6583445544554421E-028
   985.50000000000000        3.9897409603960487E-028
   986.50000000000000        5.5529656435643182E-028
   987.50000000000000        7.9426040693069485E-028
   988.50000000000000        1.0784113019801986E-027
   989.50000000000000        1.3449258376237585E-027
   990.50000000000000        1.9979880495049468E-027
   991.50000000000000        4.3540479900990233E-027
   992.50000000000000        2.6898897623762233E-027
   993.50000000000000        2.5874945841584166E-027
   994.50000000000000        2.4722157326732694E-027
   995.50000000000000        1.8704022475247519E-027
   996.50000000000000        1.5131080554455498E-027
   997.50000000000000        1.2101749356435638E-027
   998.50000000000000        7.8363890792078880E-028
   999.50000000000000        2.5643790194413557E-028
