   138.50000000000000        4.7110033157272723E-023
   139.50000000000000        1.7451041836440888E-023
   140.50000000000000        2.2637146742968488E-023
   141.50000000000000        2.6133977306362990E-023
   142.50000000000000        3.0880505635835877E-023
   143.50000000000000        3.3807063191906028E-023
   144.50000000000000        3.7817987308538306E-023
   145.50000000000000        4.1291779440552397E-023
   146.50000000000000        4.3275512008098799E-023
   147.50000000000000        4.4581313962727981E-023
   148.50000000000000        4.5609709510185703E-023
   149.50000000000000        4.6303017952162205E-023
   150.50000000000000        4.4535878796716237E-023
   151.50000000000000        4.1559809250124907E-023
   152.50000000000000        3.8629914643500010E-023
   153.50000000000000        3.6144340861218122E-023
   154.50000000000000        3.3397162212378783E-023
   155.50000000000000        2.8247942964487266E-023
   156.50000000000000        2.3284514015711048E-023
   157.50000000000000        2.1461035410393638E-023
   158.50000000000000        1.8778943349202347E-023
   159.50000000000000        1.4313320997555736E-023
   160.50000000000000        1.1993814847969229E-023
   161.50000000000000        1.1083020956181788E-023
   162.50000000000000        8.3244352112510039E-024
   163.50000000000000        6.3540921577915461E-024
   164.50000000000000        6.0755309800600807E-024
   165.50000000000000        4.2774189247680796E-024
   166.50000000000000        3.3909585934268595E-024
   167.50000000000000        3.1058320421126151E-024
   168.50000000000000        1.9454484511106632E-024
   169.50000000000000        1.8522451127001766E-024
   170.50000000000000        1.3255293223618835E-024
   171.50000000000000        9.4929630430099747E-025
   172.50000000000000        8.8367509804961099E-025
   173.50000000000000        5.0929800512707631E-025
   174.50000000000000        5.2044598506987492E-025
   175.50000000000000        3.0467951389147784E-025
   176.50000000000000        2.8263933817281809E-025
   177.50000000000000        1.7882552963121872E-025
   178.50000000000000        1.4465691632445442E-025
   179.50000000000000        1.0483669724082670E-025
   180.50000000000000        7.7090714666966464E-026
   181.50000000000000        5.7844220701197227E-026
   182.50000000000000        3.6949559668328883E-026
   183.50000000000000        3.1197431474926310E-026
   184.50000000000000        1.9419127051874806E-026
   185.50000000000000        1.5722165861420176E-026
   186.50000000000000        9.9564111257200338E-027
   187.50000000000000        7.8009800191806866E-027
   188.50000000000000        5.7023352824177445E-027
   189.50000000000000        3.6017708751072985E-027
   190.50000000000000        2.9693647481637345E-027
   191.50000000000000        1.5304935024453140E-027
   192.50000000000000        1.6910619683654026E-027
   193.50000000000000        6.4072230150845177E-028
   194.50000000000000        8.0819724873335382E-028
   195.50000000000000        3.1041364587207232E-028
   196.50000000000000        3.0776298713064458E-028
   197.50000000000000        2.2635022291482622E-028
   198.50000000000000        9.6670992157973475E-029
   199.50000000000000        1.4501312304222567E-028
   200.50000000000000        4.2373502442679237E-029
   201.50000000000000        4.8396832172300219E-029
   202.50000000000000        3.6762904117995048E-029
   203.50000000000000        1.2288387320205540E-029
   204.50000000000000        2.1313690832416296E-029
   205.50000000000000        6.2597063714140492E-030
   206.50000000000000        5.2863018091697226E-030
   207.50000000000000        7.3411252282896108E-030
   208.50000000000000        1.5781651620913223E-030
   209.50000000000000        2.2349055440630321E-030
   210.50000000000000        2.6898464417116159E-030
   211.50000000000000        1.5076011732335333E-030
   212.50000000000000        1.2797095400573676E-030
   213.50000000000000        0.0000000000000000     
   214.50000000000000        0.0000000000000000     
   215.50000000000000        0.0000000000000000     
   216.50000000000000        0.0000000000000000     
   217.50000000000000        0.0000000000000000     
   218.50000000000000        0.0000000000000000     
   219.50000000000000        0.0000000000000000     
   220.50000000000000        0.0000000000000000     
   221.50000000000000        0.0000000000000000     
   222.50000000000000        0.0000000000000000     
   223.50000000000000        0.0000000000000000     
   224.50000000000000        0.0000000000000000     
   225.50000000000000        0.0000000000000000     
   226.50000000000000        0.0000000000000000     
   227.50000000000000        0.0000000000000000     
   228.50000000000000        0.0000000000000000     
   229.50000000000000        0.0000000000000000     
   230.50000000000000        0.0000000000000000     
   231.50000000000000        0.0000000000000000     
   232.50000000000000        0.0000000000000000     
   233.50000000000000        0.0000000000000000     
   234.50000000000000        0.0000000000000000     
   235.50000000000000        0.0000000000000000     
   236.50000000000000        0.0000000000000000     
   237.50000000000000        0.0000000000000000     
   238.50000000000000        0.0000000000000000     
   239.50000000000000        0.0000000000000000     
   240.50000000000000        0.0000000000000000     
   241.50000000000000        0.0000000000000000     
   242.50000000000000        0.0000000000000000     
   243.50000000000000        0.0000000000000000     
   244.50000000000000        0.0000000000000000     
   245.50000000000000        0.0000000000000000     
   246.50000000000000        0.0000000000000000     
   247.50000000000000        0.0000000000000000     
   248.50000000000000        0.0000000000000000     
   249.50000000000000        0.0000000000000000     
   250.50000000000000        0.0000000000000000     
   251.50000000000000        0.0000000000000000     
   252.50000000000000        0.0000000000000000     
   253.50000000000000        0.0000000000000000     
   254.50000000000000        0.0000000000000000     
   255.50000000000000        0.0000000000000000     
   256.50000000000000        0.0000000000000000     
   257.50000000000000        0.0000000000000000     
   258.50000000000000        0.0000000000000000     
   259.50000000000000        0.0000000000000000     
   260.50000000000000        0.0000000000000000     
   261.50000000000000        0.0000000000000000     
   262.50000000000000        0.0000000000000000     
   263.50000000000000        0.0000000000000000     
   264.50000000000000        0.0000000000000000     
   265.50000000000000        0.0000000000000000     
   266.50000000000000        0.0000000000000000     
   267.50000000000000        0.0000000000000000     
   268.50000000000000        0.0000000000000000     
   269.50000000000000        0.0000000000000000     
   270.50000000000000        0.0000000000000000     
   271.50000000000000        0.0000000000000000     
   272.50000000000000        0.0000000000000000     
   273.50000000000000        0.0000000000000000     
   274.50000000000000        0.0000000000000000     
   275.50000000000000        0.0000000000000000     
   276.50000000000000        0.0000000000000000     
   277.50000000000000        0.0000000000000000     
   278.50000000000000        0.0000000000000000     
   279.50000000000000        0.0000000000000000     
   280.50000000000000        0.0000000000000000     
   281.50000000000000        0.0000000000000000     
   282.50000000000000        0.0000000000000000     
   283.50000000000000        0.0000000000000000     
   284.50000000000000        0.0000000000000000     
   285.50000000000000        0.0000000000000000     
   286.50000000000000        0.0000000000000000     
   287.50000000000000        0.0000000000000000     
   288.50000000000000        0.0000000000000000     
   289.50000000000000        0.0000000000000000     
   290.50000000000000        0.0000000000000000     
   291.50000000000000        0.0000000000000000     
   292.50000000000000        0.0000000000000000     
   293.50000000000000        0.0000000000000000     
   294.50000000000000        0.0000000000000000     
   295.50000000000000        0.0000000000000000     
   296.50000000000000        0.0000000000000000     
   297.50000000000000        0.0000000000000000     
   298.50000000000000        0.0000000000000000     
   299.50000000000000        0.0000000000000000     
   300.50000000000000        0.0000000000000000     
   301.50000000000000        0.0000000000000000     
   302.50000000000000        0.0000000000000000     
   303.50000000000000        0.0000000000000000     
   304.50000000000000        0.0000000000000000     
   305.50000000000000        0.0000000000000000     
   306.50000000000000        0.0000000000000000     
   307.50000000000000        0.0000000000000000     
   308.50000000000000        0.0000000000000000     
   309.50000000000000        0.0000000000000000     
   310.50000000000000        0.0000000000000000     
   311.50000000000000        0.0000000000000000     
   312.50000000000000        0.0000000000000000     
   313.50000000000000        0.0000000000000000     
   314.50000000000000        0.0000000000000000     
   315.50000000000000        0.0000000000000000     
   316.50000000000000        0.0000000000000000     
   317.50000000000000        0.0000000000000000     
   318.50000000000000        0.0000000000000000     
   319.50000000000000        0.0000000000000000     
   320.50000000000000        0.0000000000000000     
   321.50000000000000        0.0000000000000000     
   322.50000000000000        0.0000000000000000     
   323.50000000000000        0.0000000000000000     
   324.50000000000000        0.0000000000000000     
   325.50000000000000        0.0000000000000000     
   326.50000000000000        0.0000000000000000     
   327.50000000000000        0.0000000000000000     
   328.50000000000000        0.0000000000000000     
   329.50000000000000        0.0000000000000000     
   330.50000000000000        0.0000000000000000     
   331.50000000000000        0.0000000000000000     
   332.50000000000000        0.0000000000000000     
   333.50000000000000        0.0000000000000000     
   334.50000000000000        0.0000000000000000     
   335.50000000000000        0.0000000000000000     
   336.50000000000000        0.0000000000000000     
   337.50000000000000        0.0000000000000000     
   338.50000000000000        0.0000000000000000     
   339.50000000000000        0.0000000000000000     
   340.50000000000000        0.0000000000000000     
   341.50000000000000        0.0000000000000000     
   342.50000000000000        0.0000000000000000     
   343.50000000000000        0.0000000000000000     
   344.50000000000000        0.0000000000000000     
   345.50000000000000        0.0000000000000000     
   346.50000000000000        0.0000000000000000     
   347.50000000000000        0.0000000000000000     
   348.50000000000000        0.0000000000000000     
   349.50000000000000        0.0000000000000000     
   350.50000000000000        0.0000000000000000     
   351.50000000000000        0.0000000000000000     
   352.50000000000000        0.0000000000000000     
   353.50000000000000        0.0000000000000000     
   354.50000000000000        0.0000000000000000     
   355.50000000000000        0.0000000000000000     
   356.50000000000000        0.0000000000000000     
   357.50000000000000        0.0000000000000000     
   358.50000000000000        0.0000000000000000     
   359.50000000000000        0.0000000000000000     
   360.50000000000000        0.0000000000000000     
   361.50000000000000        0.0000000000000000     
   362.50000000000000        0.0000000000000000     
   363.50000000000000        0.0000000000000000     
   364.50000000000000        0.0000000000000000     
   365.50000000000000        0.0000000000000000     
   366.50000000000000        0.0000000000000000     
   367.50000000000000        0.0000000000000000     
   368.50000000000000        0.0000000000000000     
   369.50000000000000        0.0000000000000000     
   370.50000000000000        0.0000000000000000     
   371.50000000000000        0.0000000000000000     
   372.50000000000000        0.0000000000000000     
   373.50000000000000        0.0000000000000000     
   374.50000000000000        0.0000000000000000     
   375.50000000000000        0.0000000000000000     
   376.50000000000000        0.0000000000000000     
   377.50000000000000        0.0000000000000000     
   378.50000000000000        0.0000000000000000     
   379.50000000000000        0.0000000000000000     
   380.50000000000000        0.0000000000000000     
   381.50000000000000        0.0000000000000000     
   382.50000000000000        0.0000000000000000     
   383.50000000000000        0.0000000000000000     
   384.50000000000000        0.0000000000000000     
   385.50000000000000        0.0000000000000000     
   386.50000000000000        0.0000000000000000     
   387.50000000000000        0.0000000000000000     
   388.50000000000000        0.0000000000000000     
   389.50000000000000        0.0000000000000000     
   390.50000000000000        0.0000000000000000     
   391.50000000000000        0.0000000000000000     
   392.50000000000000        0.0000000000000000     
   393.50000000000000        0.0000000000000000     
   394.50000000000000        0.0000000000000000     
   395.50000000000000        0.0000000000000000     
   396.50000000000000        0.0000000000000000     
   397.50000000000000        0.0000000000000000     
   398.50000000000000        0.0000000000000000     
   399.50000000000000        0.0000000000000000     
   400.50000000000000        0.0000000000000000     
   401.50000000000000        0.0000000000000000     
   402.50000000000000        0.0000000000000000     
   403.50000000000000        0.0000000000000000     
   404.50000000000000        0.0000000000000000     
   405.50000000000000        0.0000000000000000     
   406.50000000000000        0.0000000000000000     
   407.50000000000000        0.0000000000000000     
   408.50000000000000        0.0000000000000000     
   409.50000000000000        0.0000000000000000     
   410.50000000000000        0.0000000000000000     
   411.50000000000000        0.0000000000000000     
   412.50000000000000        0.0000000000000000     
   413.50000000000000        0.0000000000000000     
   414.50000000000000        0.0000000000000000     
   415.50000000000000        0.0000000000000000     
   416.50000000000000        0.0000000000000000     
   417.50000000000000        0.0000000000000000     
   418.50000000000000        0.0000000000000000     
   419.50000000000000        0.0000000000000000     
   420.50000000000000        0.0000000000000000     
   421.50000000000000        0.0000000000000000     
   422.50000000000000        0.0000000000000000     
   423.50000000000000        0.0000000000000000     
   424.50000000000000        0.0000000000000000     
   425.50000000000000        0.0000000000000000     
   426.50000000000000        0.0000000000000000     
   427.50000000000000        0.0000000000000000     
   428.50000000000000        0.0000000000000000     
   429.50000000000000        0.0000000000000000     
   430.50000000000000        0.0000000000000000     
   431.50000000000000        0.0000000000000000     
   432.50000000000000        0.0000000000000000     
   433.50000000000000        0.0000000000000000     
   434.50000000000000        0.0000000000000000     
   435.50000000000000        0.0000000000000000     
   436.50000000000000        0.0000000000000000     
   437.50000000000000        0.0000000000000000     
   438.50000000000000        0.0000000000000000     
   439.50000000000000        0.0000000000000000     
   440.50000000000000        0.0000000000000000     
   441.50000000000000        0.0000000000000000     
   442.50000000000000        0.0000000000000000     
   443.50000000000000        0.0000000000000000     
   444.50000000000000        0.0000000000000000     
   445.50000000000000        0.0000000000000000     
   446.50000000000000        0.0000000000000000     
   447.50000000000000        0.0000000000000000     
   448.50000000000000        0.0000000000000000     
   449.50000000000000        0.0000000000000000     
   450.50000000000000        0.0000000000000000     
   451.50000000000000        0.0000000000000000     
   452.50000000000000        0.0000000000000000     
   453.50000000000000        0.0000000000000000     
   454.50000000000000        0.0000000000000000     
   455.50000000000000        0.0000000000000000     
   456.50000000000000        0.0000000000000000     
   457.50000000000000        0.0000000000000000     
   458.50000000000000        0.0000000000000000     
   459.50000000000000        0.0000000000000000     
   460.50000000000000        0.0000000000000000     
   461.50000000000000        0.0000000000000000     
   462.50000000000000        0.0000000000000000     
   463.50000000000000        0.0000000000000000     
   464.50000000000000        0.0000000000000000     
   465.50000000000000        0.0000000000000000     
   466.50000000000000        0.0000000000000000     
   467.50000000000000        0.0000000000000000     
   468.50000000000000        0.0000000000000000     
   469.50000000000000        0.0000000000000000     
   470.50000000000000        0.0000000000000000     
   471.50000000000000        0.0000000000000000     
   472.50000000000000        0.0000000000000000     
   473.50000000000000        0.0000000000000000     
   474.50000000000000        0.0000000000000000     
   475.50000000000000        0.0000000000000000     
   476.50000000000000        0.0000000000000000     
   477.50000000000000        0.0000000000000000     
   478.50000000000000        0.0000000000000000     
   479.50000000000000        0.0000000000000000     
   480.50000000000000        0.0000000000000000     
   481.50000000000000        0.0000000000000000     
   482.50000000000000        0.0000000000000000     
   483.50000000000000        0.0000000000000000     
   484.50000000000000        0.0000000000000000     
   485.50000000000000        0.0000000000000000     
   486.50000000000000        0.0000000000000000     
   487.50000000000000        0.0000000000000000     
   488.50000000000000        0.0000000000000000     
   489.50000000000000        0.0000000000000000     
   490.50000000000000        0.0000000000000000     
   491.50000000000000        0.0000000000000000     
   492.50000000000000        0.0000000000000000     
   493.50000000000000        0.0000000000000000     
   494.50000000000000        0.0000000000000000     
   495.50000000000000        0.0000000000000000     
   496.50000000000000        0.0000000000000000     
   497.50000000000000        0.0000000000000000     
   498.50000000000000        0.0000000000000000     
   499.50000000000000        0.0000000000000000     
   500.50000000000000        0.0000000000000000     
   501.50000000000000        0.0000000000000000     
   502.50000000000000        0.0000000000000000     
   503.50000000000000        0.0000000000000000     
   504.50000000000000        0.0000000000000000     
   505.50000000000000        0.0000000000000000     
   506.50000000000000        0.0000000000000000     
   507.50000000000000        0.0000000000000000     
   508.50000000000000        0.0000000000000000     
   509.50000000000000        0.0000000000000000     
   510.50000000000000        0.0000000000000000     
   511.50000000000000        0.0000000000000000     
   512.50000000000000        0.0000000000000000     
   513.50000000000000        0.0000000000000000     
   514.50000000000000        0.0000000000000000     
   515.50000000000000        0.0000000000000000     
   516.50000000000000        0.0000000000000000     
   517.50000000000000        0.0000000000000000     
   518.50000000000000        0.0000000000000000     
   519.50000000000000        0.0000000000000000     
   520.50000000000000        0.0000000000000000     
   521.50000000000000        0.0000000000000000     
   522.50000000000000        0.0000000000000000     
   523.50000000000000        0.0000000000000000     
   524.50000000000000        0.0000000000000000     
   525.50000000000000        0.0000000000000000     
   526.50000000000000        0.0000000000000000     
   527.50000000000000        0.0000000000000000     
   528.50000000000000        0.0000000000000000     
   529.50000000000000        0.0000000000000000     
   530.50000000000000        0.0000000000000000     
   531.50000000000000        0.0000000000000000     
   532.50000000000000        0.0000000000000000     
   533.50000000000000        0.0000000000000000     
   534.50000000000000        0.0000000000000000     
   535.50000000000000        0.0000000000000000     
   536.50000000000000        0.0000000000000000     
   537.50000000000000        0.0000000000000000     
   538.50000000000000        0.0000000000000000     
   539.50000000000000        0.0000000000000000     
   540.50000000000000        0.0000000000000000     
   541.50000000000000        0.0000000000000000     
   542.50000000000000        0.0000000000000000     
   543.50000000000000        0.0000000000000000     
   544.50000000000000        0.0000000000000000     
   545.50000000000000        0.0000000000000000     
   546.50000000000000        0.0000000000000000     
   547.50000000000000        0.0000000000000000     
   548.50000000000000        0.0000000000000000     
   549.50000000000000        0.0000000000000000     
   550.50000000000000        0.0000000000000000     
   551.50000000000000        0.0000000000000000     
   552.50000000000000        0.0000000000000000     
   553.50000000000000        0.0000000000000000     
   554.50000000000000        0.0000000000000000     
   555.50000000000000        0.0000000000000000     
   556.50000000000000        0.0000000000000000     
   557.50000000000000        0.0000000000000000     
   558.50000000000000        0.0000000000000000     
   559.50000000000000        0.0000000000000000     
   560.50000000000000        0.0000000000000000     
   561.50000000000000        0.0000000000000000     
   562.50000000000000        0.0000000000000000     
   563.50000000000000        0.0000000000000000     
   564.50000000000000        0.0000000000000000     
   565.50000000000000        0.0000000000000000     
   566.50000000000000        0.0000000000000000     
   567.50000000000000        0.0000000000000000     
   568.50000000000000        0.0000000000000000     
   569.50000000000000        0.0000000000000000     
   570.50000000000000        0.0000000000000000     
   571.50000000000000        0.0000000000000000     
   572.50000000000000        0.0000000000000000     
   573.50000000000000        0.0000000000000000     
   574.50000000000000        0.0000000000000000     
   575.50000000000000        0.0000000000000000     
   576.50000000000000        0.0000000000000000     
   577.50000000000000        0.0000000000000000     
   578.50000000000000        0.0000000000000000     
   579.50000000000000        0.0000000000000000     
   580.50000000000000        0.0000000000000000     
   581.50000000000000        0.0000000000000000     
   582.50000000000000        0.0000000000000000     
   583.50000000000000        0.0000000000000000     
   584.50000000000000        0.0000000000000000     
   585.50000000000000        0.0000000000000000     
   586.50000000000000        0.0000000000000000     
   587.50000000000000        0.0000000000000000     
   588.50000000000000        0.0000000000000000     
   589.50000000000000        0.0000000000000000     
   590.50000000000000        0.0000000000000000     
   591.50000000000000        0.0000000000000000     
   592.50000000000000        0.0000000000000000     
   593.50000000000000        0.0000000000000000     
   594.50000000000000        0.0000000000000000     
   595.50000000000000        0.0000000000000000     
   596.50000000000000        0.0000000000000000     
   597.50000000000000        0.0000000000000000     
   598.50000000000000        0.0000000000000000     
   599.50000000000000        0.0000000000000000     
   600.50000000000000        0.0000000000000000     
   601.50000000000000        0.0000000000000000     
   602.50000000000000        0.0000000000000000     
   603.50000000000000        0.0000000000000000     
   604.50000000000000        0.0000000000000000     
   605.50000000000000        0.0000000000000000     
   606.50000000000000        0.0000000000000000     
   607.50000000000000        0.0000000000000000     
   608.50000000000000        0.0000000000000000     
   609.50000000000000        0.0000000000000000     
   610.50000000000000        0.0000000000000000     
   611.50000000000000        0.0000000000000000     
   612.50000000000000        0.0000000000000000     
   613.50000000000000        0.0000000000000000     
   614.50000000000000        0.0000000000000000     
   615.50000000000000        0.0000000000000000     
   616.50000000000000        0.0000000000000000     
   617.50000000000000        0.0000000000000000     
   618.50000000000000        0.0000000000000000     
   619.50000000000000        0.0000000000000000     
   620.50000000000000        0.0000000000000000     
   621.50000000000000        0.0000000000000000     
   622.50000000000000        0.0000000000000000     
   623.50000000000000        0.0000000000000000     
   624.50000000000000        0.0000000000000000     
   625.50000000000000        0.0000000000000000     
   626.50000000000000        0.0000000000000000     
   627.50000000000000        0.0000000000000000     
   628.50000000000000        0.0000000000000000     
   629.50000000000000        0.0000000000000000     
   630.50000000000000        0.0000000000000000     
   631.50000000000000        0.0000000000000000     
   632.50000000000000        0.0000000000000000     
   633.50000000000000        0.0000000000000000     
   634.50000000000000        0.0000000000000000     
   635.50000000000000        0.0000000000000000     
   636.50000000000000        0.0000000000000000     
   637.50000000000000        0.0000000000000000     
   638.50000000000000        0.0000000000000000     
   639.50000000000000        0.0000000000000000     
   640.50000000000000        0.0000000000000000     
   641.50000000000000        0.0000000000000000     
   642.50000000000000        0.0000000000000000     
   643.50000000000000        0.0000000000000000     
   644.50000000000000        0.0000000000000000     
   645.50000000000000        0.0000000000000000     
   646.50000000000000        0.0000000000000000     
   647.50000000000000        0.0000000000000000     
   648.50000000000000        0.0000000000000000     
   649.50000000000000        0.0000000000000000     
   650.50000000000000        0.0000000000000000     
   651.50000000000000        0.0000000000000000     
   652.50000000000000        0.0000000000000000     
   653.50000000000000        0.0000000000000000     
   654.50000000000000        0.0000000000000000     
   655.50000000000000        0.0000000000000000     
   656.50000000000000        0.0000000000000000     
   657.50000000000000        0.0000000000000000     
   658.50000000000000        0.0000000000000000     
   659.50000000000000        0.0000000000000000     
   660.50000000000000        0.0000000000000000     
   661.50000000000000        0.0000000000000000     
   662.50000000000000        0.0000000000000000     
   663.50000000000000        0.0000000000000000     
   664.50000000000000        0.0000000000000000     
   665.50000000000000        0.0000000000000000     
   666.50000000000000        0.0000000000000000     
   667.50000000000000        0.0000000000000000     
   668.50000000000000        0.0000000000000000     
   669.50000000000000        0.0000000000000000     
   670.50000000000000        0.0000000000000000     
   671.50000000000000        0.0000000000000000     
   672.50000000000000        0.0000000000000000     
   673.50000000000000        0.0000000000000000     
   674.50000000000000        0.0000000000000000     
   675.50000000000000        0.0000000000000000     
   676.50000000000000        0.0000000000000000     
   677.50000000000000        0.0000000000000000     
   678.50000000000000        0.0000000000000000     
   679.50000000000000        0.0000000000000000     
   680.50000000000000        0.0000000000000000     
   681.50000000000000        0.0000000000000000     
   682.50000000000000        0.0000000000000000     
   683.50000000000000        0.0000000000000000     
   684.50000000000000        0.0000000000000000     
   685.50000000000000        0.0000000000000000     
   686.50000000000000        0.0000000000000000     
   687.50000000000000        0.0000000000000000     
   688.50000000000000        0.0000000000000000     
   689.50000000000000        0.0000000000000000     
   690.50000000000000        0.0000000000000000     
   691.50000000000000        0.0000000000000000     
   692.50000000000000        0.0000000000000000     
   693.50000000000000        0.0000000000000000     
   694.50000000000000        0.0000000000000000     
   695.50000000000000        0.0000000000000000     
   696.50000000000000        0.0000000000000000     
   697.50000000000000        0.0000000000000000     
   698.50000000000000        0.0000000000000000     
   699.50000000000000        0.0000000000000000     
   700.50000000000000        0.0000000000000000     
   701.50000000000000        0.0000000000000000     
   702.50000000000000        0.0000000000000000     
   703.50000000000000        0.0000000000000000     
   704.50000000000000        0.0000000000000000     
   705.50000000000000        0.0000000000000000     
   706.50000000000000        0.0000000000000000     
   707.50000000000000        0.0000000000000000     
   708.50000000000000        0.0000000000000000     
   709.50000000000000        0.0000000000000000     
   710.50000000000000        0.0000000000000000     
   711.50000000000000        0.0000000000000000     
   712.50000000000000        0.0000000000000000     
   713.50000000000000        0.0000000000000000     
   714.50000000000000        0.0000000000000000     
   715.50000000000000        0.0000000000000000     
   716.50000000000000        0.0000000000000000     
   717.50000000000000        0.0000000000000000     
   718.50000000000000        0.0000000000000000     
   719.50000000000000        0.0000000000000000     
   720.50000000000000        0.0000000000000000     
   721.50000000000000        0.0000000000000000     
   722.50000000000000        0.0000000000000000     
   723.50000000000000        0.0000000000000000     
   724.50000000000000        0.0000000000000000     
   725.50000000000000        0.0000000000000000     
   726.50000000000000        0.0000000000000000     
   727.50000000000000        0.0000000000000000     
   728.50000000000000        0.0000000000000000     
   729.50000000000000        0.0000000000000000     
   730.50000000000000        0.0000000000000000     
   731.50000000000000        0.0000000000000000     
   732.50000000000000        0.0000000000000000     
   733.50000000000000        0.0000000000000000     
   734.50000000000000        0.0000000000000000     
   735.50000000000000        0.0000000000000000     
   736.50000000000000        0.0000000000000000     
   737.50000000000000        0.0000000000000000     
   738.50000000000000        0.0000000000000000     
   739.50000000000000        0.0000000000000000     
   740.50000000000000        0.0000000000000000     
   741.50000000000000        0.0000000000000000     
   742.50000000000000        0.0000000000000000     
   743.50000000000000        0.0000000000000000     
   744.50000000000000        0.0000000000000000     
   745.50000000000000        0.0000000000000000     
   746.50000000000000        0.0000000000000000     
   747.50000000000000        0.0000000000000000     
   748.50000000000000        0.0000000000000000     
   749.50000000000000        0.0000000000000000     
   750.50000000000000        0.0000000000000000     
   751.50000000000000        0.0000000000000000     
   752.50000000000000        0.0000000000000000     
   753.50000000000000        0.0000000000000000     
   754.50000000000000        0.0000000000000000     
   755.50000000000000        0.0000000000000000     
   756.50000000000000        0.0000000000000000     
   757.50000000000000        0.0000000000000000     
   758.50000000000000        0.0000000000000000     
   759.50000000000000        0.0000000000000000     
   760.50000000000000        0.0000000000000000     
   761.50000000000000        0.0000000000000000     
   762.50000000000000        0.0000000000000000     
   763.50000000000000        0.0000000000000000     
   764.50000000000000        0.0000000000000000     
   765.50000000000000        0.0000000000000000     
   766.50000000000000        0.0000000000000000     
   767.50000000000000        0.0000000000000000     
   768.50000000000000        0.0000000000000000     
   769.50000000000000        0.0000000000000000     
   770.50000000000000        0.0000000000000000     
   771.50000000000000        0.0000000000000000     
   772.50000000000000        0.0000000000000000     
   773.50000000000000        0.0000000000000000     
   774.50000000000000        0.0000000000000000     
   775.50000000000000        0.0000000000000000     
   776.50000000000000        0.0000000000000000     
   777.50000000000000        0.0000000000000000     
   778.50000000000000        0.0000000000000000     
   779.50000000000000        0.0000000000000000     
   780.50000000000000        0.0000000000000000     
   781.50000000000000        0.0000000000000000     
   782.50000000000000        0.0000000000000000     
   783.50000000000000        0.0000000000000000     
   784.50000000000000        0.0000000000000000     
   785.50000000000000        0.0000000000000000     
   786.50000000000000        0.0000000000000000     
   787.50000000000000        0.0000000000000000     
   788.50000000000000        0.0000000000000000     
   789.50000000000000        0.0000000000000000     
   790.50000000000000        0.0000000000000000     
   791.50000000000000        0.0000000000000000     
   792.50000000000000        0.0000000000000000     
   793.50000000000000        0.0000000000000000     
   794.50000000000000        0.0000000000000000     
   795.50000000000000        0.0000000000000000     
   796.50000000000000        0.0000000000000000     
   797.50000000000000        0.0000000000000000     
   798.50000000000000        0.0000000000000000     
   799.50000000000000        0.0000000000000000     
   800.50000000000000        0.0000000000000000     
   801.50000000000000        0.0000000000000000     
   802.50000000000000        0.0000000000000000     
   803.50000000000000        0.0000000000000000     
   804.50000000000000        0.0000000000000000     
   805.50000000000000        0.0000000000000000     
   806.50000000000000        0.0000000000000000     
   807.50000000000000        0.0000000000000000     
   808.50000000000000        0.0000000000000000     
   809.50000000000000        0.0000000000000000     
   810.50000000000000        0.0000000000000000     
   811.50000000000000        0.0000000000000000     
   812.50000000000000        0.0000000000000000     
   813.50000000000000        0.0000000000000000     
   814.50000000000000        0.0000000000000000     
   815.50000000000000        0.0000000000000000     
   816.50000000000000        0.0000000000000000     
   817.50000000000000        0.0000000000000000     
   818.50000000000000        0.0000000000000000     
   819.50000000000000        0.0000000000000000     
   820.50000000000000        0.0000000000000000     
   821.50000000000000        0.0000000000000000     
   822.50000000000000        0.0000000000000000     
   823.50000000000000        0.0000000000000000     
   824.50000000000000        0.0000000000000000     
   825.50000000000000        0.0000000000000000     
   826.50000000000000        0.0000000000000000     
   827.50000000000000        0.0000000000000000     
   828.50000000000000        0.0000000000000000     
   829.50000000000000        0.0000000000000000     
   830.50000000000000        0.0000000000000000     
   831.50000000000000        0.0000000000000000     
   832.50000000000000        0.0000000000000000     
   833.50000000000000        0.0000000000000000     
   834.50000000000000        0.0000000000000000     
   835.50000000000000        0.0000000000000000     
   836.50000000000000        0.0000000000000000     
   837.50000000000000        0.0000000000000000     
   838.50000000000000        0.0000000000000000     
   839.50000000000000        0.0000000000000000     
   840.50000000000000        0.0000000000000000     
   841.50000000000000        0.0000000000000000     
   842.50000000000000        0.0000000000000000     
   843.50000000000000        0.0000000000000000     
   844.50000000000000        0.0000000000000000     
   845.50000000000000        0.0000000000000000     
   846.50000000000000        0.0000000000000000     
   847.50000000000000        0.0000000000000000     
   848.50000000000000        0.0000000000000000     
   849.50000000000000        0.0000000000000000     
   850.50000000000000        0.0000000000000000     
   851.50000000000000        0.0000000000000000     
   852.50000000000000        0.0000000000000000     
   853.50000000000000        0.0000000000000000     
   854.50000000000000        0.0000000000000000     
   855.50000000000000        0.0000000000000000     
   856.50000000000000        0.0000000000000000     
   857.50000000000000        0.0000000000000000     
   858.50000000000000        0.0000000000000000     
   859.50000000000000        0.0000000000000000     
   860.50000000000000        0.0000000000000000     
   861.50000000000000        0.0000000000000000     
   862.50000000000000        0.0000000000000000     
   863.50000000000000        0.0000000000000000     
   864.50000000000000        0.0000000000000000     
   865.50000000000000        0.0000000000000000     
   866.50000000000000        0.0000000000000000     
   867.50000000000000        0.0000000000000000     
   868.50000000000000        0.0000000000000000     
   869.50000000000000        0.0000000000000000     
   870.50000000000000        0.0000000000000000     
   871.50000000000000        0.0000000000000000     
   872.50000000000000        0.0000000000000000     
   873.50000000000000        0.0000000000000000     
   874.50000000000000        0.0000000000000000     
   875.50000000000000        0.0000000000000000     
   876.50000000000000        0.0000000000000000     
   877.50000000000000        0.0000000000000000     
   878.50000000000000        0.0000000000000000     
   879.50000000000000        0.0000000000000000     
   880.50000000000000        0.0000000000000000     
   881.50000000000000        0.0000000000000000     
   882.50000000000000        0.0000000000000000     
   883.50000000000000        0.0000000000000000     
   884.50000000000000        0.0000000000000000     
   885.50000000000000        0.0000000000000000     
   886.50000000000000        0.0000000000000000     
   887.50000000000000        0.0000000000000000     
   888.50000000000000        0.0000000000000000     
   889.50000000000000        0.0000000000000000     
   890.50000000000000        0.0000000000000000     
   891.50000000000000        0.0000000000000000     
   892.50000000000000        0.0000000000000000     
   893.50000000000000        0.0000000000000000     
   894.50000000000000        0.0000000000000000     
   895.50000000000000        0.0000000000000000     
   896.50000000000000        0.0000000000000000     
   897.50000000000000        0.0000000000000000     
   898.50000000000000        0.0000000000000000     
   899.50000000000000        0.0000000000000000     
   900.50000000000000        0.0000000000000000     
   901.50000000000000        0.0000000000000000     
   902.50000000000000        0.0000000000000000     
   903.50000000000000        0.0000000000000000     
   904.50000000000000        0.0000000000000000     
   905.50000000000000        0.0000000000000000     
   906.50000000000000        0.0000000000000000     
   907.50000000000000        0.0000000000000000     
   908.50000000000000        0.0000000000000000     
   909.50000000000000        0.0000000000000000     
   910.50000000000000        0.0000000000000000     
   911.50000000000000        0.0000000000000000     
   912.50000000000000        0.0000000000000000     
   913.50000000000000        0.0000000000000000     
   914.50000000000000        0.0000000000000000     
   915.50000000000000        0.0000000000000000     
   916.50000000000000        0.0000000000000000     
   917.50000000000000        0.0000000000000000     
   918.50000000000000        0.0000000000000000     
   919.50000000000000        0.0000000000000000     
   920.50000000000000        0.0000000000000000     
   921.50000000000000        0.0000000000000000     
   922.50000000000000        0.0000000000000000     
   923.50000000000000        0.0000000000000000     
   924.50000000000000        0.0000000000000000     
   925.50000000000000        0.0000000000000000     
   926.50000000000000        0.0000000000000000     
   927.50000000000000        0.0000000000000000     
   928.50000000000000        0.0000000000000000     
   929.50000000000000        0.0000000000000000     
   930.50000000000000        0.0000000000000000     
   931.50000000000000        0.0000000000000000     
   932.50000000000000        0.0000000000000000     
   933.50000000000000        0.0000000000000000     
   934.50000000000000        0.0000000000000000     
   935.50000000000000        0.0000000000000000     
   936.50000000000000        0.0000000000000000     
   937.50000000000000        0.0000000000000000     
   938.50000000000000        0.0000000000000000     
   939.50000000000000        0.0000000000000000     
   940.50000000000000        0.0000000000000000     
   941.50000000000000        0.0000000000000000     
   942.50000000000000        0.0000000000000000     
   943.50000000000000        0.0000000000000000     
   944.50000000000000        0.0000000000000000     
   945.50000000000000        0.0000000000000000     
   946.50000000000000        0.0000000000000000     
   947.50000000000000        0.0000000000000000     
   948.50000000000000        0.0000000000000000     
   949.50000000000000        0.0000000000000000     
   950.50000000000000        0.0000000000000000     
   951.50000000000000        0.0000000000000000     
   952.50000000000000        0.0000000000000000     
   953.50000000000000        0.0000000000000000     
   954.50000000000000        0.0000000000000000     
   955.50000000000000        0.0000000000000000     
   956.50000000000000        0.0000000000000000     
   957.50000000000000        0.0000000000000000     
   958.50000000000000        0.0000000000000000     
   959.50000000000000        0.0000000000000000     
   960.50000000000000        0.0000000000000000     
   961.50000000000000        0.0000000000000000     
   962.50000000000000        0.0000000000000000     
   963.50000000000000        0.0000000000000000     
   964.50000000000000        0.0000000000000000     
   965.50000000000000        0.0000000000000000     
   966.50000000000000        0.0000000000000000     
   967.50000000000000        0.0000000000000000     
   968.50000000000000        0.0000000000000000     
   969.50000000000000        0.0000000000000000     
   970.50000000000000        0.0000000000000000     
   971.50000000000000        0.0000000000000000     
   972.50000000000000        0.0000000000000000     
   973.50000000000000        0.0000000000000000     
   974.50000000000000        0.0000000000000000     
   975.50000000000000        0.0000000000000000     
   976.50000000000000        0.0000000000000000     
   977.50000000000000        0.0000000000000000     
   978.50000000000000        0.0000000000000000     
   979.50000000000000        0.0000000000000000     
   980.50000000000000        0.0000000000000000     
   981.50000000000000        0.0000000000000000     
   982.50000000000000        0.0000000000000000     
   983.50000000000000        0.0000000000000000     
   984.50000000000000        0.0000000000000000     
   985.50000000000000        0.0000000000000000     
   986.50000000000000        0.0000000000000000     
   987.50000000000000        0.0000000000000000     
   988.50000000000000        0.0000000000000000     
   989.50000000000000        0.0000000000000000     
   990.50000000000000        0.0000000000000000     
   991.50000000000000        0.0000000000000000     
   992.50000000000000        0.0000000000000000     
   993.50000000000000        0.0000000000000000     
   994.50000000000000        0.0000000000000000     
   995.50000000000000        0.0000000000000000     
   996.50000000000000        0.0000000000000000     
   997.50000000000000        0.0000000000000000     
   998.50000000000000        0.0000000000000000     
   999.50000000000000        0.0000000000000000     
