   120.50000000000000        0.0000000000000000     
   121.50000000000000        9.0946942446042920E-022
   122.50000000000000        8.0396923076923086E-022
   123.50000000000000        7.3528076923076914E-022
   124.50000000000000        9.7125414364640842E-022
   125.50000000000000        8.0728896551724123E-022
   126.50000000000000        8.0035451612903232E-022
   127.50000000000000        7.9475000000000018E-022
   128.50000000000000        7.6290769230769231E-022
   129.50000000000000        7.8982191011235962E-022
   130.50000000000000        7.6207887323943668E-022
   131.50000000000000        7.4948750000000009E-022
   132.50000000000000        7.4720666666666654E-022
   133.50000000000000        6.7257248322147647E-022
   134.50000000000000        6.4251707317073173E-022
   135.50000000000000        6.1017560975609792E-022
   136.50000000000000        5.8138118081180822E-022
   137.50000000000000        5.4710000000000011E-022
   138.50000000000000        5.2523729508196723E-022
   139.50000000000000        4.7445063291139243E-022
   140.50000000000000        4.7076308724832225E-022
   141.50000000000000        4.7034929577464794E-022
   142.50000000000000        4.1980520446096673E-022
   143.50000000000000        3.5848377192982454E-022
   144.50000000000000        3.4611403508771936E-022
   145.50000000000000        3.4425000000000002E-022
   146.50000000000000        3.1921203319502068E-022
   147.50000000000000        3.2977514619883044E-022
   148.50000000000000        2.8919428571428580E-022
   149.50000000000000        3.0577928176795588E-022
   150.50000000000000        2.9056153846153845E-022
   151.50000000000000        2.7825512820512820E-022
   152.50000000000000        2.7154429657794665E-022
   153.50000000000000        2.7500640394088670E-022
   154.50000000000000        2.9764558011049725E-022
   155.50000000000000        2.8253170731707322E-022
   156.50000000000000        2.8350555555555557E-022
   157.50000000000000        2.7642000000000009E-022
   158.50000000000000        2.9851157024793391E-022
   159.50000000000000        3.1480546875000012E-022
   160.50000000000000        3.1243262711864419E-022
   161.50000000000000        3.2563947368421052E-022
   162.50000000000000        3.2879394531250006E-022
   163.50000000000000        3.2836482412060317E-022
   164.50000000000000        3.3420563380281697E-022
   165.50000000000000        3.2331555183946490E-022
   166.50000000000000        3.1068589743589734E-022
   167.50000000000000        2.9982027027027025E-022
   168.50000000000000        2.9021307947019871E-022
   169.50000000000000        2.8167692307692317E-022
   170.50000000000000        2.6718893280632411E-022
   171.50000000000000        2.4533124999999980E-022
   172.50000000000000        2.2957391304347828E-022
   173.50000000000000        1.9979369158878495E-022
   174.50000000000000        1.7521607929515418E-022
   175.50000000000000        1.6063165467625901E-022
   176.50000000000000        1.4766008064516126E-022
   177.50000000000000        1.4183666666666663E-022
   178.50000000000000        1.3460909090909090E-022
   179.50000000000000        1.1899618834080720E-022
   180.50000000000000        1.0708910256410251E-022
   181.50000000000000        9.8643220338983067E-023
   182.50000000000000        9.3108849557522129E-023
   183.50000000000000        8.8124647887323947E-023
   184.50000000000000        8.4755897435897463E-023
   185.50000000000000        8.4833344262295091E-023
   186.50000000000000        8.7227215189873408E-023
   187.50000000000000        8.8400000000000011E-023
   188.50000000000000        8.6553397212543548E-023
   189.50000000000000        6.1350282131661461E-023
   190.50000000000000        5.6202000000000001E-023
   191.50000000000000        5.4365999999999999E-023
   192.50000000000000        5.2529999999999996E-023
   193.50000000000000        5.0694000000000005E-023
   194.50000000000000        4.8858000000000002E-023
   195.50000000000000        4.7183500000000006E-023
   196.50000000000000        4.5670500000000000E-023
   197.50000000000000        4.4157499999999994E-023
   198.50000000000000        4.2644499999999999E-023
   199.50000000000000        4.1131499999999999E-023
   200.50000000000000        3.9805500000000000E-023
   201.50000000000000        3.8666500000000003E-023
   202.50000000000000        3.7527499999999999E-023
   203.50000000000000        3.6388500000000002E-023
   204.50000000000000        3.5249499999999999E-023
   205.50000000000000        3.4246500000000003E-023
   206.50000000000000        3.3379500000000002E-023
   207.50000000000000        3.2512500000000006E-023
   208.50000000000000        3.1645500000000000E-023
   209.50000000000000        3.0778499999999999E-023
   210.50000000000000        2.9920000000000003E-023
   211.50000000000000        2.9070000000000003E-023
   212.50000000000000        2.8219999999999996E-023
   213.50000000000000        2.7370000000000001E-023
   214.50000000000000        2.6520000000000000E-023
   215.50000000000000        2.5678499999999996E-023
   216.50000000000000        2.4845499999999995E-023
   217.50000000000000        2.4012500000000000E-023
   218.50000000000000        2.3179500000000000E-023
   219.50000000000000        2.2346500000000005E-023
   220.50000000000000        2.1581500000000002E-023
   221.50000000000000        2.0884499999999999E-023
   222.50000000000000        2.0187499999999999E-023
   223.50000000000000        1.9490499999999997E-023
   224.50000000000000        1.8793499999999997E-023
   225.50000000000000        1.8147499999999998E-023
   226.50000000000000        1.7552499999999996E-023
   227.50000000000000        1.6957500000000000E-023
   228.50000000000000        1.6362500000000001E-023
   229.50000000000000        1.7165109063428934E-023
   230.50000000000000        1.7880000000000001E-023
   231.50000000000000        1.7240000000000000E-023
   232.50000000000000        1.6599999999999999E-023
   233.50000000000000        1.5960000000000000E-023
   234.50000000000000        1.5320000000000002E-023
   235.50000000000000        1.4740000000000003E-023
   236.50000000000000        1.4220000000000003E-023
   237.50000000000000        1.3700000000000000E-023
   238.50000000000000        1.3180000000000002E-023
   239.50000000000000        1.2660000000000002E-023
   240.50000000000000        1.2180000000000002E-023
   241.50000000000000        1.1740000000000000E-023
   242.50000000000000        1.1300000000000001E-023
   243.50000000000000        1.0860000000000001E-023
   244.50000000000000        1.0420000000000001E-023
   245.50000000000000        1.0010000000000000E-023
   246.50000000000000        9.6300000000000003E-024
   247.50000000000000        9.2500000000000006E-024
   248.50000000000000        8.8700000000000024E-024
   249.50000000000000        8.4899999999999998E-024
   250.50000000000000        8.1399999999999997E-024
   251.50000000000000        7.8200000000000006E-024
   252.50000000000000        7.5000000000000001E-024
   253.50000000000000        7.1799999999999995E-024
   254.50000000000000        6.6999999999999994E-024
   255.50000000000000        6.6999999999999994E-024
   256.50000000000000        0.0000000000000000     
   257.50000000000000        0.0000000000000000     
   258.50000000000000        0.0000000000000000     
   259.50000000000000        0.0000000000000000     
   260.50000000000000       -6.4554633010377828E-021
   261.50000000000000       -6.4556992891833279E-021
   262.50000000000000       -6.4559251152463509E-021
   263.50000000000000       -6.4561411743520473E-021
   264.50000000000000       -6.4563478486702976E-021
   265.50000000000000       -6.4565455077037036E-021
   266.50000000000000       -6.4567345085739889E-021
   267.50000000000000       -6.4569151963068388E-021
   268.50000000000000       -6.4570879041150500E-021
   269.50000000000000       -6.4572529536798701E-021
   270.50000000000000       -6.4574106554305696E-021
   271.50000000000000       -6.4575613088220036E-021
   272.50000000000000       -6.4577052026102367E-021
   273.50000000000000       -6.4578426151260663E-021
   274.50000000000000       -6.4579738145463893E-021
   275.50000000000000       -6.4580990591633135E-021
   276.50000000000000       -6.4582185976510175E-021
   277.50000000000000       -6.4583326693301349E-021
   278.50000000000000       -6.4584415044297181E-021
   279.50000000000000       -6.4585453243466839E-021
   280.50000000000000       -6.4586443419025286E-021
   281.50000000000000       -6.4587387615974756E-021
   282.50000000000000       -6.4588287798617285E-021
   283.50000000000000       -6.4589145853039271E-021
   284.50000000000000       -6.4589963589566290E-021
   285.50000000000000       -6.4590742745188007E-021
   286.50000000000000       -6.4591484985952044E-021
   287.50000000000000       -6.4592191909326085E-021
   288.50000000000000       -6.4592865046527714E-021
   289.50000000000000       -6.4593505864820220E-021
   290.50000000000000       -6.4594115769775555E-021
   291.50000000000000       -6.4594696107501075E-021
   292.50000000000000       -6.4595248166832158E-021
   293.50000000000000       -6.4595773181486591E-021
   294.50000000000000       -6.4596272332183517E-021
   295.50000000000000       -6.4596746748723441E-021
   296.50000000000000       -6.4597197512029488E-021
   297.50000000000000       -6.4597625656149537E-021
   298.50000000000000       -6.4598032170217562E-021
   299.50000000000000       -6.4598418000374598E-021
   300.50000000000000       -6.4598784051646820E-021
   301.50000000000000       -6.4599131189781665E-021
   302.50000000000000       -6.4599460243040599E-021
   303.50000000000000       -6.4599772003947294E-021
   304.50000000000000       -6.4600067230990581E-021
   305.50000000000000       -6.4600346650282183E-021
   306.50000000000000       -6.4600610957168025E-021
   307.50000000000000       -6.4600860817790938E-021
   308.50000000000000       -6.4601096870606975E-021
   309.50000000000000       -6.4601319727851458E-021
   310.50000000000000       -6.4601529976956040E-021
   311.50000000000000       -6.4601728181914885E-021
   312.50000000000000       -6.4601914884600103E-021
   313.50000000000000       -6.4602090606024517E-021
   314.50000000000000       -6.4602255847552123E-021
   315.50000000000000       -6.4602411092054830E-021
   316.50000000000000       -6.4602556805014431E-021
   317.50000000000000       -6.4602693435570081E-021
   318.50000000000000       -6.4602821417509673E-021
   319.50000000000000       -6.4602941170203533E-021
   320.50000000000000       -6.4603053099482349E-021
   321.50000000000000       -6.4603157598455219E-021
   322.50000000000000       -6.4603255048269571E-021
   323.50000000000000       -6.4603345818810819E-021
   324.50000000000000       -6.4603430269341771E-021
   325.50000000000000       -6.4603508749080048E-021
   326.50000000000000       -6.4603581597713764E-021
   327.50000000000000       -6.4603649145854170E-021
   328.50000000000000       -6.4603711715424901E-021
   329.50000000000000       -6.4603769619985558E-021
   330.50000000000000       -6.4603823164990927E-021
   331.50000000000000       -6.4603872647984438E-021
   332.50000000000000       -6.4603918358723523E-021
   333.50000000000000       -6.4603960579238437E-021
   334.50000000000000       -6.4603999583821649E-021
   335.50000000000000       -6.4604035638949642E-021
   336.50000000000000       -6.4604069003132326E-021
   337.50000000000000       -6.4604099926694003E-021
   338.50000000000000       -6.4604128651481204E-021
   339.50000000000000       -6.4604155410499230E-021
   340.50000000000000        0.0000000000000000     
