   92.500000000000000        7.0000000000000008E-024
   93.500000000000000        7.0000000000000008E-024
   94.500000000000000        6.2227272727272735E-023
   95.500000000000000        9.9045454545454557E-023
   96.500000000000000        1.3586363636363638E-022
   97.500000000000000        1.7268181818181821E-022
   98.500000000000000        2.0950000000000002E-022
   99.500000000000000        2.4631818181818181E-022
   100.50000000000000        2.8313636363636367E-022
   101.50000000000000        3.1995454545454548E-022
   102.50000000000000        3.5677272727272733E-022
   103.50000000000000        3.9359090909090914E-022
   104.50000000000000        4.3040909090909096E-022
   105.50000000000000        4.6722727272727272E-022
   106.50000000000000        5.0404545454545458E-022
   107.50000000000000        5.4086363636363643E-022
   108.50000000000000        5.7768181818181829E-022
   109.50000000000000        6.1450000000000005E-022
   110.50000000000000        6.5131818181818182E-022
   111.50000000000000        6.8813636363636377E-022
   112.50000000000000        7.2495454545454544E-022
   113.50000000000000        7.6177272727272720E-022
   114.50000000000000        7.9859090909090925E-022
   115.50000000000000        8.6530000000000003E-022
   116.50000000000000        9.6190000000000013E-022
   117.50000000000000        1.0585000000000000E-021
   118.50000000000000        1.1551000000000001E-021
   119.50000000000000        1.2517000000000000E-021
   120.50000000000000        1.3066666666666666E-021
   121.50000000000000        2.4042857142857144E-021
   122.50000000000000        1.6493749999999999E-021
   123.50000000000000        9.0933333333333333E-022
   124.50000000000000        1.3926000000000001E-021
   125.50000000000000        9.9080000000000008E-022
   126.50000000000000        1.0904000000000002E-021
   127.50000000000000        1.1900000000000001E-021
   128.50000000000000        1.1500000000000002E-021
   129.50000000000000        1.1100000000000001E-021
   130.50000000000000        1.0261000000000002E-021
   131.50000000000000        8.9830000000000024E-022
   132.50000000000000        7.7050000000000005E-022
   133.50000000000000        6.4270000000000015E-022
   134.50000000000000        5.1490000000000005E-022
   135.50000000000000        4.2680000000000002E-022
   136.50000000000000        3.7840000000000002E-022
   137.50000000000000        3.3000000000000006E-022
   138.50000000000000        2.8160000000000005E-022
   139.50000000000000        2.3320000000000000E-022
   140.50000000000000        1.9129000000000003E-022
   141.50000000000000        1.5587000000000000E-022
   142.50000000000000        1.2045000000000001E-022
   143.50000000000000        8.5030000000000007E-023
   144.50000000000000        4.9609999999999997E-023
   145.50000000000000        2.9030000000000001E-023
   146.50000000000000        2.3290000000000003E-023
   147.50000000000000        1.7550000000000000E-023
   148.50000000000000        1.1810000000000002E-023
   149.50000000000000        6.0700000000000008E-024
   150.50000000000000        2.9050000000000000E-024
   151.50000000000000        2.3149999999999999E-024
   152.50000000000000        1.7249999999999997E-024
   153.50000000000000        1.1349999999999999E-024
   154.50000000000000        5.4499999999999993E-025
   155.50000000000000        2.5379999999999997E-025
   156.50000000000000        2.6139999999999999E-025
   157.50000000000000        2.6900000000000002E-025
   158.50000000000000        2.7660000000000000E-025
   159.50000000000000        2.8420000000000002E-025
   160.50000000000000        3.0989999999999999E-025
   161.50000000000000        3.5370000000000005E-025
   162.50000000000000        3.9750000000000002E-025
   163.50000000000000        4.4130000000000004E-025
   164.50000000000000        4.8510000000000000E-025
   165.50000000000000        5.1983333333333333E-025
   166.50000000000000        5.4550000000000011E-025
   167.50000000000000        5.7116666666666670E-025
   168.50000000000000        5.7025000000000008E-025
   169.50000000000000        5.4275000000000007E-025
   170.50000000000000        5.0140000000000005E-025
   171.50000000000000        4.4620000000000002E-025
   172.50000000000000        3.9100000000000004E-025
   173.50000000000000        3.3580000000000006E-025
   174.50000000000000        2.8060000000000003E-025
   175.50000000000000        2.3980000000000001E-025
   176.50000000000000        2.1339999999999999E-025
   177.50000000000000        1.8700000000000002E-025
   178.50000000000000        1.6060000000000000E-025
   179.50000000000000        1.3420000000000001E-025
   180.50000000000000        1.0213333333333333E-025
   181.50000000000000        6.4400000000000001E-026
   182.50000000000000        2.6666666666666666E-026
   183.50000000000000        7.2946428571428576E-027
   184.50000000000000        6.2839285714285725E-027
   185.50000000000000        5.2732142857142867E-027
   186.50000000000000        4.2625000000000001E-027
   187.50000000000000        3.2517857142857150E-027
   188.50000000000000        2.2410714285714288E-027
   189.50000000000000        1.2303571428571430E-027
   190.50000000000000        6.9198500000000012E-028
   191.50000000000000        6.2595500000000008E-028
   192.50000000000000        5.5992500000000004E-028
   193.50000000000000        4.9389500000000008E-028
   194.50000000000000        4.2786500000000004E-028
   195.50000000000000        3.6183500000000009E-028
   196.50000000000000        2.9580500000000005E-028
   197.50000000000000        2.2977500000000000E-028
   198.50000000000000        1.6374500000000003E-028
   199.50000000000000        9.7715000000000007E-029
   200.50000000000000        6.1749000000000002E-029
   201.50000000000000        5.5847000000000002E-029
   202.50000000000000        4.9945000000000001E-029
   203.50000000000000        4.4043000000000001E-029
   204.50000000000000        3.8141000000000006E-029
   205.50000000000000        3.2239000000000005E-029
   206.50000000000000        2.6337000000000005E-029
   207.50000000000000        2.0435000000000004E-029
   208.50000000000000        1.4533000000000004E-029
   209.50000000000000        8.6310000000000002E-030
   210.50000000000000        5.4204500000000005E-030
   211.50000000000000        4.9013500000000004E-030
   212.50000000000000        4.3822500000000002E-030
   213.50000000000000        3.8631500000000001E-030
   214.50000000000000        3.3440499999999999E-030
   215.50000000000000        2.8249500000000001E-030
   216.50000000000000        2.3058499999999999E-030
   217.50000000000000        1.7867500000000001E-030
   218.50000000000000        1.2676500000000000E-030
   219.50000000000000        7.4855000000000007E-031
   220.50000000000000        4.6660500000000006E-031
   221.50000000000000        4.2181500000000002E-031
   222.50000000000000        3.7702500000000007E-031
   223.50000000000000        3.3223500000000003E-031
   224.50000000000000        2.8744500000000008E-031
   225.50000000000000        2.4265499999999999E-031
   226.50000000000000        1.9786500000000004E-031
   227.50000000000000        1.5307500000000002E-031
   228.50000000000000        1.0828500000000003E-031
   229.50000000000000        6.3494999999999999E-032
   230.50000000000000        4.0157287889775201E-032
   231.50000000000000        3.8271863669325596E-032
   232.50000000000000        3.6386439448875995E-032
   233.50000000000000        3.4501015228426395E-032
   234.50000000000000        3.2615591007976789E-032
   235.50000000000000        3.0730166787527189E-032
   236.50000000000000        2.8844742567077583E-032
   237.50000000000000        2.6959318346627983E-032
   238.50000000000000        2.5073894126178383E-032
   239.50000000000000        2.3188469905728780E-032
   240.50000000000000        2.1303045685279177E-032
   241.50000000000000        1.9417621464829577E-032
   242.50000000000000        1.7532197244379971E-032
   243.50000000000000        5.0045512749831888E-030
   244.50000000000000        1.7156666841463558E-027
   245.50000000000000        1.4303278472679400E-032
   246.50000000000000        1.3685108624094804E-032
   247.50000000000000        1.3066938775510210E-032
   248.50000000000000        1.2448768926925611E-032
   249.50000000000000        1.1830599078341015E-032
   250.50000000000000        1.1212429229756418E-032
   251.50000000000000        1.0594259381171823E-032
   252.50000000000000        9.9760895325872255E-033
   253.50000000000000        9.3579196840026304E-033
   254.50000000000000        8.7397498354180326E-033
   255.50000000000000        8.1215799868334376E-033
   256.50000000000000        7.5034101382488398E-033
   257.50000000000000        6.8852402896642434E-033
   258.50000000000000        6.2670704410796470E-033
   259.50000000000000        5.6489005924950519E-033
   260.50000000000000        1.4417722506275769E-028
   261.50000000000000        3.5925899156432687E-028
   262.50000000000000        5.0811622276029114E-033
   263.50000000000000        5.3295883777239763E-033
   264.50000000000000        5.5780145278450418E-033
   265.50000000000000        5.8264406779661060E-033
   266.50000000000000        6.0748668280871709E-033
   267.50000000000000        6.3232929782082371E-033
   268.50000000000000        6.5717191283293013E-033
   269.50000000000000        6.8201452784503669E-033
   270.50000000000000        7.0685714285714311E-033
   271.50000000000000        7.3169975786924953E-033
   272.50000000000000        7.5654237288135608E-033
   273.50000000000000        7.8138498789346264E-033
   274.50000000000000        8.0622760290556919E-033
   275.50000000000000        8.3107021791767561E-033
   276.50000000000000        8.5591283292978203E-033
   277.50000000000000        8.8075544794188859E-033
   278.50000000000000        9.0559806295399501E-033
   279.50000000000000        9.3044067796610170E-033
   280.50000000000000        9.5528329297820812E-033
   281.50000000000000        9.8012590799031454E-033
   282.50000000000000        9.9912702749890888E-033
   283.50000000000000        9.9476216499345276E-033
   284.50000000000000        9.9039730248799676E-033
   285.50000000000000        9.8603243998254036E-033
   286.50000000000000        9.8166757747708437E-033
   287.50000000000000        9.7730271497162810E-033
   288.50000000000000        9.7293785246617211E-033
   289.50000000000000        9.6857298996071598E-033
   290.50000000000000        9.6420812745525971E-033
   291.50000000000000        9.5984326494980372E-033
   292.50000000000000        9.5547840244434746E-033
   293.50000000000000        9.5111353993889146E-033
   294.50000000000000        9.4674867743343533E-033
   295.50000000000000        9.4238381492797907E-033
   296.50000000000000        9.3801895242252294E-033
   297.50000000000000        9.3365408991706695E-033
   298.50000000000000        9.2928922741161068E-033
   299.50000000000000        9.2492436490615469E-033
   300.50000000000000        9.2055950240069829E-033
   301.50000000000000        9.1619463989524229E-033
   302.50000000000000        9.1182977738978630E-033
   303.50000000000000        9.0746491488433003E-033
   304.50000000000000        9.0310005237887404E-033
   305.50000000000000        8.9873518987341778E-033
   306.50000000000000        8.9437032736796165E-033
   307.50000000000000        8.9000546486250552E-033
   308.50000000000000        8.8564060235704953E-033
   309.50000000000000        8.8127573985159326E-033
   310.50000000000000        8.7691087734613713E-033
   311.50000000000000        8.7254601484068086E-033
   312.50000000000000        8.6818115233522487E-033
   313.50000000000000        8.6381628982976874E-033
   314.50000000000000        8.5945142732431261E-033
   315.50000000000000        8.5508656481885648E-033
   316.50000000000000        8.5072170231340022E-033
   317.50000000000000        8.4635683980794423E-033
   318.50000000000000        8.4199197730248810E-033
   319.50000000000000        8.3762711479703197E-033
   320.50000000000000        8.3326225229157570E-033
   321.50000000000000        8.2889738978611971E-033
   322.50000000000000        8.2453252728066344E-033
   323.50000000000000        8.2016766477520745E-033
   324.50000000000000        8.1580280226975118E-033
   325.50000000000000        8.1143793976429506E-033
   326.50000000000000        8.0707307725883906E-033
   327.50000000000000        8.0270821475338280E-033
   328.50000000000000        7.9834335224792680E-033
   329.50000000000000        7.9397848974247068E-033
   330.50000000000000        7.8961362723701441E-033
   331.50000000000000        7.8524876473155828E-033
   332.50000000000000        7.8088390222610229E-033
   333.50000000000000        7.7651903972064602E-033
   334.50000000000000        7.7215417721519003E-033
   335.50000000000000        7.6778931470973363E-033
   336.50000000000000        7.6342445220427763E-033
   337.50000000000000        7.5905958969882151E-033
   338.50000000000000        7.5469472719336538E-033
   339.50000000000000        7.5032986468790938E-033
   340.50000000000000        7.4596500218245298E-033
   341.50000000000000        7.4160013967699699E-033
   342.50000000000000        7.3723527717154086E-033
   343.50000000000000        7.3287041466608473E-033
   344.50000000000000        7.2850555216062860E-033
   345.50000000000000        7.2414068965517261E-033
   346.50000000000000        7.1977582714971621E-033
   347.50000000000000        7.1541096464426021E-033
   348.50000000000000        7.1104610213880395E-033
   349.50000000000000        7.0668123963334795E-033
   350.50000000000000        7.0231637712789196E-033
   351.50000000000000        6.9795151462243556E-033
   352.50000000000000        6.9358665211697957E-033
   353.50000000000000        6.8922178961152344E-033
   354.50000000000000        6.8485692710606717E-033
   355.50000000000000        6.8049206460061104E-033
   356.50000000000000        6.7612720209515505E-033
   357.50000000000000        6.7176233958969892E-033
   358.50000000000000        6.6739747708424279E-033
   359.50000000000000        6.6303261457878653E-033
   360.50000000000000        6.5866775207333053E-033
   361.50000000000000        6.5430288956787440E-033
   362.50000000000000        6.4993802706241814E-033
   363.50000000000000        6.4557316455696201E-033
   364.50000000000000        6.4120830205150588E-033
   365.50000000000000        6.3684343954604975E-033
   366.50000000000000        6.3247857704059362E-033
   367.50000000000000        6.2811371453513749E-033
   368.50000000000000        6.2374885202968150E-033
   369.50000000000000        6.1938398952422523E-033
   370.50000000000000        6.1501912701876917E-033
   371.50000000000000        6.1065426451331304E-033
   372.50000000000000        6.0628940200785685E-033
   373.50000000000000        6.0192453950240072E-033
   374.50000000000000        5.9755967699694459E-033
   375.50000000000000        5.9319481449148846E-033
   376.50000000000000        5.8882995198603233E-033
   377.50000000000000        5.8446508948057613E-033
   378.50000000000000        5.8010022697512007E-033
   379.50000000000000        5.7573536446966387E-033
   380.50000000000000        5.7137050196420774E-033
   381.50000000000000        5.6700563945875168E-033
   382.50000000000000        5.6264077695329555E-033
   383.50000000000000        5.5827591444783942E-033
   384.50000000000000        5.5391105194238323E-033
   385.50000000000000        5.4954618943692710E-033
   386.50000000000000        5.4518132693147104E-033
   387.50000000000000        5.4081646442601484E-033
   388.50000000000000        5.3645160192055871E-033
   389.50000000000000        5.3208673941510251E-033
   390.50000000000000        5.2772187690964645E-033
   391.50000000000000        5.2335701440419032E-033
   392.50000000000000        5.1899215189873413E-033
   393.50000000000000        5.1462728939327806E-033
   394.50000000000000        5.1026242688782194E-033
   395.50000000000000        5.0589756438236581E-033
   396.50000000000000        5.0153270187690968E-033
   397.50000000000000        4.9716783937145348E-033
   398.50000000000000        4.9280297686599742E-033
   399.50000000000000        4.8843811436054122E-033
   400.50000000000000        4.8407325185508509E-033
   401.50000000000000        4.7970838934962896E-033
   402.50000000000000        4.7534352684417283E-033
   403.50000000000000        4.7097866433871670E-033
   404.50000000000000        4.6661380183326051E-033
   405.50000000000000        4.6224893932780445E-033
   406.50000000000000        4.5788407682234838E-033
   407.50000000000000        4.5351921431689219E-033
   408.50000000000000        4.4915435181143606E-033
   409.50000000000000        4.4478948930597993E-033
   410.50000000000000        4.4042462680052380E-033
   411.50000000000000        4.3605976429506767E-033
   412.50000000000000        4.3169490178961147E-033
   413.50000000000000        4.2733003928415534E-033
   414.50000000000000        4.2296517677869928E-033
   415.50000000000000        4.1860031427324309E-033
   416.50000000000000        4.1423545176778696E-033
   417.50000000000000        4.0987058926233083E-033
   418.50000000000000        4.0550572675687477E-033
   419.50000000000000        4.0114086425141864E-033
   420.50000000000000        3.9677600174596244E-033
   421.50000000000000        3.9241113924050631E-033
   422.50000000000000        3.8804627673505018E-033
   423.50000000000000        3.8368141422959405E-033
   424.50000000000000        3.7931655172413792E-033
   425.50000000000000        3.7495168921868172E-033
   426.50000000000000        3.7058682671322566E-033
   427.50000000000000        3.6622196420776947E-033
   428.50000000000000        3.6185710170231334E-033
   429.50000000000000        3.5749223919685734E-033
   430.50000000000000        3.5312737669140115E-033
   431.50000000000000        3.4876251418594502E-033
   432.50000000000000        3.4439765168048882E-033
   433.50000000000000        3.4003278917503269E-033
   434.50000000000000        3.3566792666957656E-033
   435.50000000000000        3.3130306416412043E-033
   436.50000000000000        3.2693820165866430E-033
   437.50000000000000        3.2257333915320817E-033
   438.50000000000000        3.1820847664775205E-033
   439.50000000000000        3.1384361414229592E-033
   440.50000000000000        3.0947875163683979E-033
   441.50000000000000        3.0511388913138366E-033
   442.50000000000000        3.0074902662592749E-033
   443.50000000000000        2.9638416412047137E-033
   444.50000000000000        2.9201930161501524E-033
   445.50000000000000        2.8765443910955911E-033
   446.50000000000000        2.8328957660410298E-033
   447.50000000000000        2.7892471409864685E-033
   448.50000000000000        2.7455985159319068E-033
   449.50000000000000        2.7019498908773456E-033
   450.50000000000000        2.6583012658227843E-033
   451.50000000000000        2.6146526407682233E-033
   452.50000000000000        2.5710040157136617E-033
   453.50000000000000        2.5273553906591004E-033
   454.50000000000000        2.4837067656045388E-033
   455.50000000000000        2.4400581405499775E-033
   456.50000000000000        2.3964095154954169E-033
   457.50000000000000        2.3527608904408552E-033
   458.50000000000000        2.3091122653862936E-033
   459.50000000000000        2.2654636403317323E-033
   460.50000000000000        2.2218150152771707E-033
   461.50000000000000        2.1781663902226097E-033
   462.50000000000000        2.1345177651680481E-033
   463.50000000000000        2.0908691401134871E-033
   464.50000000000000        2.0472205150589255E-033
   465.50000000000000        2.0035718900043642E-033
   466.50000000000000        1.9599232649498032E-033
   467.50000000000000        1.9162746398952416E-033
   468.50000000000000        1.8726260148406800E-033
   469.50000000000000        1.8289773897861190E-033
   470.50000000000000        1.7853287647315574E-033
   471.50000000000000        1.7416801396769964E-033
   472.50000000000000        1.6980315146224352E-033
   473.50000000000000        1.6543828895678739E-033
   474.50000000000000        1.6107342645133122E-033
   475.50000000000000        1.5670856394587509E-033
   476.50000000000000        1.5234370144041896E-033
   477.50000000000000        1.4797883893496284E-033
   478.50000000000000        1.4361397642950669E-033
   479.50000000000000        1.3924911392405056E-033
   480.50000000000000        1.3488425141859443E-033
   481.50000000000000        1.3051938891313828E-033
   482.50000000000000        1.2615452640768217E-033
   483.50000000000000        1.2178966390222603E-033
   484.50000000000000        1.1742480139676988E-033
   485.50000000000000        1.1305993889131377E-033
   486.50000000000000        1.0869507638585762E-033
   487.50000000000000        1.0433021388040149E-033
   488.50000000000000        9.9965351374945363E-034
   489.50000000000000        9.5600488869489234E-034
   490.50000000000000        9.1235626364033087E-034
   491.50000000000000        8.6870763858576958E-034
   492.50000000000000        8.2505901353120829E-034
   493.50000000000000        7.8141038847664683E-034
   494.50000000000000        7.3776176342208553E-034
   495.50000000000000        6.9411313836752433E-034
   496.50000000000000        6.5046451331296286E-034
   497.50000000000000        6.0681588825840166E-034
   498.50000000000000        5.6316726320384028E-034
   499.50000000000000        5.1951863814927882E-034
   500.50000000000000        4.7587001309471761E-034
   501.50000000000000        4.3222138804015632E-034
   502.50000000000000        3.8857276298559494E-034
   503.50000000000000        3.4492413793103356E-034
   504.50000000000000        3.0127551287647219E-034
   505.50000000000000        2.5762688782191089E-034
   506.50000000000000        2.1397826276734956E-034
   507.50000000000000        1.7032963771278822E-034
   508.50000000000000        1.2668101265822689E-034
   509.50000000000000        8.3032387603665544E-035
   510.50000000000000        3.9383762549104209E-035
   511.50000000000000        1.0000000000000001E-037
