   124.50000000000000        8.1275000000000004E-025
   125.50000000000000        1.4976000000000002E-024
   126.50000000000000        2.9088000000000006E-024
   127.50000000000000        4.3200000000000003E-024
   128.50000000000000        5.4240000000000008E-024
   129.50000000000000        6.5280000000000006E-024
   130.50000000000000        2.1172000000000003E-023
   131.50000000000000        4.9356000000000015E-023
   132.50000000000000        7.7539999999999999E-023
   133.50000000000000        1.0572400000000001E-022
   134.50000000000000        1.3390800000000001E-022
   135.50000000000000        1.7230000000000000E-022
   136.50000000000000        2.2090000000000002E-022
   137.50000000000000        2.6949999999999999E-022
   138.50000000000000        3.1810000000000006E-022
   139.50000000000000        3.6670000000000003E-022
   140.50000000000000        4.0370000000000007E-022
   141.50000000000000        4.2909999999999998E-022
   142.50000000000000        4.5449999999999999E-022
   143.50000000000000        4.7990000000000009E-022
   144.50000000000000        5.0530000000000001E-022
   145.50000000000000        5.0590000000000005E-022
   146.50000000000000        4.8170000000000011E-022
   147.50000000000000        4.5749999999999999E-022
   148.50000000000000        4.3329999999999996E-022
   149.50000000000000        4.0909999999999994E-022
   150.50000000000000        3.8229999999999998E-022
   151.50000000000000        3.5290000000000000E-022
   152.50000000000000        3.2350000000000002E-022
   153.50000000000000        2.9410000000000004E-022
   154.50000000000000        2.6470000000000001E-022
   155.50000000000000        2.5500000000000006E-022
   156.50000000000000        2.6499999999999999E-022
   157.50000000000000        2.7500000000000001E-022
   158.50000000000000        2.8499999999999998E-022
   159.50000000000000        2.9500000000000000E-022
   160.50000000000000        3.2490000000000002E-022
   161.50000000000000        3.7470000000000002E-022
   162.50000000000000        4.2449999999999997E-022
   163.50000000000000        4.7430000000000002E-022
   164.50000000000000        5.2410000000000007E-022
   165.50000000000000        5.6566666666666673E-022
   166.50000000000000        5.9900000000000001E-022
   167.50000000000000        6.3233333333333339E-022
   168.50000000000000        6.3650000000000004E-022
   169.50000000000000        6.1150000000000005E-022
   170.50000000000000        5.6910000000000010E-022
   171.50000000000000        5.0929999999999998E-022
   172.50000000000000        4.4950000000000005E-022
   173.50000000000000        3.8969999999999998E-022
   174.50000000000000        3.2990000000000000E-022
   175.50000000000000        2.8500000000000003E-022
   176.50000000000000        2.5499999999999996E-022
   177.50000000000000        2.2499999999999999E-022
   178.50000000000000        1.9500000000000000E-022
   179.50000000000000        1.6500000000000000E-022
   180.50000000000000        1.2666499999999998E-022
   181.50000000000000        7.9994999999999987E-023
   182.50000000000000        3.3324999999999999E-023
   183.50000000000000        9.3477857142857120E-024
   184.50000000000000        8.0633571428571434E-024
   185.50000000000000        6.7789285714285719E-024
   186.50000000000000        5.4944999999999996E-024
   187.50000000000000        4.2100714285714281E-024
   188.50000000000000        2.9256428571428565E-024
   189.50000000000000        1.6412142857142859E-024
   190.50000000000000        9.5404500000000022E-025
   191.50000000000000        8.6413500000000008E-025
   192.50000000000000        7.7422500000000003E-025
   193.50000000000000        6.8431500000000017E-025
   194.50000000000000        5.9440500000000003E-025
   195.50000000000000        5.0449500000000007E-025
   196.50000000000000        4.1458500000000012E-025
   197.50000000000000        3.2467500000000002E-025
   198.50000000000000        2.3476500000000002E-025
   199.50000000000000        1.4485500000000002E-025
   200.50000000000000        9.5404500000000006E-026
   201.50000000000000        8.6413500000000011E-026
   202.50000000000000        7.7422500000000003E-026
   203.50000000000000        6.8431500000000008E-026
   204.50000000000000        5.9440500000000001E-026
   205.50000000000000        5.0449500000000005E-026
   206.50000000000000        4.1458500000000004E-026
   207.50000000000000        3.2467500000000002E-026
   208.50000000000000        2.3476500000000001E-026
   209.50000000000000        1.4485499999999999E-026
   210.50000000000000        9.5404999999999999E-027
   211.50000000000000        8.6414999999999995E-027
   212.50000000000000        7.7425000000000005E-027
   213.50000000000000        6.8435000000000000E-027
   214.50000000000000        5.9445000000000003E-027
   215.50000000000000        5.0455000000000006E-027
   216.50000000000000        4.1465000000000001E-027
   217.50000000000000        3.2474999999999997E-027
   218.50000000000000        2.3485000000000000E-027
   219.50000000000000        1.4494999999999999E-027
   220.50000000000000        9.5499999999999995E-028
   221.50000000000000        8.6499999999999995E-028
   222.50000000000000        7.7500000000000014E-028
   223.50000000000000        6.8500000000000005E-028
   224.50000000000000        5.9500000000000006E-028
   225.50000000000000        5.0499999999999997E-028
   226.50000000000000        4.1499999999999997E-028
   227.50000000000000        3.2500000000000002E-028
   228.50000000000000        2.3499999999999998E-028
   229.50000000000000        1.4500000000000001E-028
   230.50000000000000        9.8187092095721530E-029
   231.50000000000000        9.4561276287164594E-029
   232.50000000000000        9.0935460478607682E-029
   233.50000000000000        8.7309644670050758E-029
   234.50000000000000        8.3683828861493823E-029
   235.50000000000000        8.0058013052936888E-029
   236.50000000000000        7.6432197244379964E-029
   237.50000000000000        7.2806381435823040E-029
   238.50000000000000        6.9180565627266116E-029
   239.50000000000000        6.5554749818709181E-029
   240.50000000000000        6.1928934010152257E-029
   241.50000000000000        5.8303118201595333E-029
   242.50000000000000        5.4677302393038409E-029
   243.50000000000000        1.6589627842868380E-026
   244.50000000000000        5.8116128048780971E-024
   245.50000000000000        4.9368005266622787E-029
   246.50000000000000        4.8051349572086902E-029
   247.50000000000000        4.6734693877551029E-029
   248.50000000000000        4.5418038183015139E-029
   249.50000000000000        4.4101382488479261E-029
   250.50000000000000        4.2784726793943376E-029
   251.50000000000000        4.1468071099407503E-029
   252.50000000000000        4.0151415404871613E-029
   253.50000000000000        3.8834759710335735E-029
   254.50000000000000        3.7518104015799856E-029
   255.50000000000000        3.6201448321263977E-029
   256.50000000000000        3.4884792626728087E-029
   257.50000000000000        3.3568136932192208E-029
   258.50000000000000        3.2251481237656330E-029
   259.50000000000000        3.0934825543120440E-029
   260.50000000000000        8.5621577405855428E-025
   261.50000000000000        3.3486132777777243E-023
